50 20
0 76 1 91 2 87 3 60 4 40 5 90 6 60 7 42 8 45 9 24 10 38 11 4 12 87 13 20 14 59 15 67 16 90 17 1 18 82 19 95 
0 50 1 22 2 47 3 100 4 93 5 45 6 81 7 11 8 31 9 81 10 14 11 93 12 94 13 24 14 7 15 72 16 20 17 88 18 56 19 93 
0 75 1 2 2 26 3 10 4 32 5 26 6 77 7 8 8 11 9 37 10 44 11 70 12 97 13 4 14 53 15 49 16 21 17 67 18 78 19 68 
0 26 1 34 2 93 3 9 4 51 5 77 6 53 7 74 8 11 9 25 10 27 11 75 12 69 13 70 14 17 15 38 16 1 17 28 18 21 19 33 
0 95 1 71 2 84 3 63 4 88 5 9 6 90 7 30 8 73 9 3 10 59 11 97 12 78 13 6 14 19 15 30 16 39 17 68 18 10 19 52 
0 39 1 43 2 55 3 40 4 31 5 88 6 100 7 97 8 39 9 95 10 40 11 27 12 54 13 65 14 64 15 27 16 49 17 57 18 37 19 100 
0 41 1 28 2 94 3 36 4 13 5 62 6 9 7 23 8 95 9 62 10 56 11 78 12 54 13 33 14 49 15 34 16 61 17 94 18 72 19 91 
0 21 1 68 2 55 3 70 4 77 5 18 6 90 7 57 8 9 9 7 10 56 11 19 12 64 13 14 14 32 15 10 16 65 17 8 18 71 19 93 
0 87 1 22 2 34 3 11 4 7 5 8 6 60 7 58 8 91 9 69 10 92 11 98 12 49 13 39 14 37 15 37 16 60 17 18 18 38 19 63 
0 27 1 7 2 88 3 66 4 72 5 63 6 74 7 77 8 56 9 59 10 15 11 39 12 89 13 17 14 45 15 27 16 90 17 78 18 36 19 8 
0 42 1 53 2 10 3 6 4 61 5 40 6 57 7 64 8 25 9 92 10 90 11 17 12 15 13 41 14 9 15 26 16 32 17 45 18 74 19 78 
0 76 1 94 2 43 3 2 4 83 5 56 6 79 7 100 8 44 9 83 10 77 11 30 12 56 13 42 14 77 15 72 16 70 17 85 18 36 19 32 
0 81 1 53 2 37 3 60 4 44 5 65 6 64 7 75 8 35 9 5 10 14 11 75 12 97 13 51 14 52 15 59 16 95 17 20 18 40 19 20 
0 58 1 13 2 68 3 51 4 42 5 46 6 75 7 16 8 22 9 5 10 6 11 83 12 31 13 71 14 68 15 6 16 72 17 76 18 6 19 98 
0 72 1 3 2 54 3 17 4 47 5 74 6 6 7 74 8 55 9 68 10 35 11 65 12 79 13 33 14 53 15 2 16 67 17 79 18 45 19 62 
0 45 1 4 2 86 3 81 4 25 5 16 6 55 7 52 8 51 9 24 10 47 11 96 12 4 13 77 14 18 15 83 16 95 17 31 18 39 19 92 
0 50 1 70 2 95 3 46 4 74 5 89 6 89 7 83 8 42 9 6 10 30 11 53 12 68 13 92 14 51 15 54 16 3 17 71 18 56 19 13 
0 28 1 72 2 3 3 37 4 58 5 86 6 49 7 52 8 7 9 89 10 65 11 96 12 74 13 6 14 22 15 28 16 40 17 95 18 67 19 35 
0 87 1 78 2 24 3 16 4 57 5 75 6 26 7 12 8 42 9 24 10 34 11 81 12 34 13 13 14 39 15 52 16 25 17 1 18 33 19 40 
0 10 1 2 2 100 3 90 4 99 5 9 6 52 7 77 8 77 9 43 10 20 11 15 12 75 13 65 14 87 15 53 16 37 17 23 18 84 19 99 
0 56 1 67 2 13 3 33 4 99 5 2 6 81 7 22 8 88 9 49 10 35 11 3 12 81 13 87 14 64 15 28 16 10 17 60 18 44 19 37 
0 25 1 72 2 24 3 33 4 98 5 68 6 95 7 69 8 31 9 44 10 50 11 47 12 63 13 59 14 17 15 14 16 78 17 63 18 90 19 45 
0 64 1 75 2 81 3 65 4 4 5 85 6 14 7 60 8 89 9 22 10 33 11 24 12 67 13 42 14 38 15 12 16 42 17 3 18 40 19 46 
0 21 1 49 2 66 3 13 4 13 5 97 6 96 7 75 8 52 9 37 10 86 11 22 12 78 13 43 14 14 15 96 16 7 17 96 18 24 19 19 
0 32 1 49 2 2 3 58 4 91 5 14 6 80 7 33 8 34 9 38 10 72 11 28 12 52 13 97 14 26 15 26 16 56 17 46 18 91 19 14 
0 1 1 95 2 63 3 84 4 93 5 72 6 99 7 34 8 65 9 39 10 99 11 54 12 18 13 88 14 64 15 78 16 12 17 80 18 65 19 84 
0 29 1 22 2 65 3 97 4 93 5 64 6 100 7 84 8 87 9 91 10 34 11 29 12 29 13 82 14 7 15 14 16 65 17 8 18 20 19 8 
0 76 1 78 2 2 3 90 4 3 5 67 6 55 7 48 8 33 9 92 10 13 11 98 12 7 13 39 14 53 15 73 16 81 17 37 18 31 19 51 
0 70 1 79 2 6 3 14 4 3 5 22 6 15 7 47 8 21 9 71 10 73 11 74 12 35 13 13 14 81 15 11 16 36 17 73 18 31 19 6 
0 33 1 36 2 70 3 32 4 84 5 47 6 84 7 15 8 22 9 100 10 100 11 48 12 60 13 92 14 39 15 22 16 72 17 20 18 7 19 72 
0 47 1 50 2 36 3 54 4 72 5 91 6 28 7 52 8 15 9 42 10 79 11 43 12 30 13 73 14 29 15 16 16 82 17 47 18 16 19 65 
0 25 1 11 2 23 3 33 4 79 5 57 6 91 7 4 8 16 9 89 10 75 11 95 12 93 13 63 14 17 15 27 16 1 17 47 18 40 19 11 
0 1 1 82 2 67 3 62 4 53 5 25 6 67 7 64 8 87 9 92 10 8 11 38 12 26 13 75 14 69 15 56 16 69 17 79 18 82 19 3 
0 15 1 58 2 34 3 5 4 69 5 58 6 6 7 63 8 1 9 33 10 81 11 69 12 26 13 85 14 58 15 54 16 50 17 99 18 26 19 3 
0 96 1 23 2 50 3 96 4 54 5 11 6 23 7 69 8 83 9 58 10 29 11 11 12 69 13 61 14 69 15 67 16 22 17 63 18 69 19 58 
0 95 1 98 2 9 3 21 4 87 5 79 6 17 7 8 8 4 9 63 10 18 11 46 12 19 13 27 14 35 15 15 16 6 17 57 18 92 19 24 
0 38 1 78 2 88 3 79 4 58 5 79 6 86 7 19 8 40 9 96 10 24 11 14 12 86 13 68 14 19 15 34 16 95 17 35 18 26 19 88 
0 83 1 24 2 89 3 94 4 20 5 48 6 99 7 29 8 15 9 43 10 23 11 29 12 56 13 54 14 40 15 86 16 43 17 85 18 75 19 97 
0 48 1 21 2 76 3 56 4 67 5 3 6 73 7 49 8 96 9 24 10 13 11 48 12 54 13 16 14 88 15 75 16 96 17 14 18 44 19 16 
0 14 1 7 2 8 3 95 4 46 5 49 6 87 7 27 8 98 9 42 10 64 11 39 12 34 13 19 14 93 15 50 16 82 17 5 18 45 19 59 
0 88 1 5 2 84 3 34 4 90 5 46 6 1 7 33 8 99 9 21 10 100 11 63 12 64 13 27 14 82 15 1 16 60 17 7 18 71 19 1 
0 12 1 5 2 87 3 2 4 35 5 65 6 96 7 92 8 56 9 4 10 17 11 55 12 41 13 16 14 73 15 57 16 11 17 50 18 1 19 71 
0 68 1 42 2 61 3 24 4 64 5 70 6 7 7 75 8 36 9 3 10 36 11 73 12 30 13 81 14 9 15 8 16 33 17 24 18 98 19 54 
0 56 1 27 2 48 3 20 4 69 5 73 6 49 7 13 8 49 9 79 10 41 11 40 12 93 13 44 14 89 15 32 16 91 17 59 18 98 19 29 
0 97 1 72 2 13 3 78 4 50 5 39 6 67 7 17 8 54 9 92 10 91 11 99 12 61 13 97 14 10 15 24 16 86 17 63 18 45 19 29 
0 83 1 41 2 86 3 42 4 13 5 3 6 87 7 16 8 84 9 97 10 15 11 54 12 72 13 32 14 54 15 35 16 79 17 15 18 84 19 96 
0 24 1 33 2 14 3 29 4 6 5 39 6 94 7 2 8 57 9 69 10 59 11 91 12 22 13 34 14 28 15 34 16 92 17 3 18 22 19 93 
0 92 1 1 2 61 3 5 4 50 5 23 6 34 7 57 8 23 9 61 10 14 11 91 12 52 13 38 14 27 15 43 16 24 17 34 18 75 19 79 
0 37 1 56 2 37 3 86 4 73 5 64 6 35 7 28 8 31 9 25 10 95 11 28 12 68 13 20 14 85 15 74 16 60 17 100 18 27 19 45 
0 69 1 72 2 66 3 86 4 50 5 2 6 94 7 56 8 75 9 48 10 20 11 12 12 49 13 26 14 16 15 96 16 60 17 72 18 68 19 77 
