50 13
0 47 1 15 2 72 3 95 4 88 5 41 6 25 7 24 8 61 9 49 10 79 11 46 12 71 
0 2 1 52 2 20 3 25 4 79 5 89 6 55 7 68 8 74 9 94 10 50 11 11 12 56 
0 6 1 33 2 66 3 81 4 31 5 92 6 89 7 99 8 92 9 40 10 52 11 88 12 4 
0 24 1 41 2 80 3 75 4 95 5 80 6 54 7 97 8 7 9 53 10 74 11 42 12 38 
0 24 1 14 2 32 3 5 4 62 5 6 6 95 7 11 8 79 9 76 10 11 11 86 12 72 
0 6 1 97 2 58 3 84 4 89 5 61 6 66 7 63 8 57 9 20 10 29 11 45 12 40 
0 54 1 75 2 32 3 98 4 95 5 88 6 69 7 93 8 39 9 8 10 37 11 10 12 55 
0 92 1 34 2 84 3 71 4 97 5 5 6 10 7 71 8 11 9 37 10 62 11 5 12 71 
0 62 1 35 2 21 3 84 4 13 5 1 6 70 7 19 8 39 9 90 10 79 11 2 12 47 
0 52 1 34 2 87 3 79 4 25 5 44 6 45 7 59 8 8 9 20 10 23 11 36 12 47 
0 23 1 33 2 12 3 22 4 37 5 92 6 57 7 82 8 65 9 39 10 26 11 94 12 44 
0 74 1 19 2 70 3 86 4 71 5 84 6 93 7 73 8 12 9 89 10 35 11 31 12 32 
0 48 1 84 2 99 3 62 4 85 5 32 6 33 7 8 8 82 9 47 10 66 11 46 12 42 
0 58 1 53 2 44 3 68 4 4 5 36 6 51 7 7 8 91 9 36 10 97 11 7 12 73 
0 72 1 38 2 55 3 33 4 85 5 19 6 24 7 70 8 24 9 47 10 72 11 19 12 18 
0 39 1 75 2 83 3 50 4 79 5 54 6 49 7 29 8 11 9 50 10 49 11 85 12 11 
0 46 1 93 2 15 3 46 4 82 5 94 6 87 7 22 8 42 9 82 10 94 11 30 12 62 
0 92 1 24 2 98 3 75 4 12 5 87 6 70 7 62 8 59 9 11 10 23 11 53 12 56 
0 75 1 67 2 84 3 71 4 95 5 20 6 55 7 73 8 22 9 92 10 1 11 58 12 48 
0 74 1 77 2 65 3 27 4 63 5 84 6 63 7 49 8 31 9 52 10 85 11 12 12 31 
0 78 1 74 2 26 3 23 4 68 5 42 6 66 7 15 8 21 9 3 10 92 11 8 12 9 
0 70 1 43 2 52 3 2 4 94 5 35 6 22 7 16 8 33 9 90 10 100 11 17 12 19 
0 64 1 33 2 27 3 62 4 37 5 40 6 99 7 20 8 82 9 38 10 4 11 8 12 96 
0 61 1 77 2 56 3 41 4 41 5 95 6 84 7 37 8 95 9 13 10 75 11 27 12 34 
0 62 1 78 2 67 3 25 4 1 5 69 6 88 7 4 8 85 9 58 10 54 11 77 12 21 
0 44 1 58 2 32 3 37 4 19 5 92 6 89 7 53 8 46 9 69 10 93 11 100 12 94 
0 86 1 65 2 99 3 86 4 8 5 46 6 14 7 46 8 63 9 28 10 79 11 7 12 52 
0 19 1 50 2 58 3 36 4 53 5 37 6 88 7 75 8 57 9 98 10 92 11 44 12 61 
0 4 1 29 2 75 3 25 4 33 5 1 6 77 7 25 8 10 9 2 10 91 11 84 12 79 
0 26 1 37 2 56 3 63 4 66 5 52 6 28 7 16 8 81 9 15 10 83 11 7 12 51 
0 41 1 2 2 20 3 99 4 87 5 67 6 87 7 2 8 21 9 42 10 32 11 57 12 36 
0 52 1 14 2 70 3 50 4 36 5 93 6 12 7 28 8 45 9 76 10 24 11 68 12 92 
0 41 1 8 2 61 3 85 4 79 5 30 6 51 7 44 8 86 9 39 10 9 11 51 12 12 
0 91 1 82 2 43 3 12 4 31 5 93 6 35 7 82 8 64 9 64 10 2 11 65 12 51 
0 60 1 78 2 32 3 92 4 18 5 29 6 79 7 34 8 32 9 79 10 9 11 49 12 87 
0 70 1 73 2 52 3 2 4 40 5 9 6 34 7 20 8 70 9 55 10 65 11 46 12 7 
0 3 1 90 2 95 3 91 4 4 5 98 6 53 7 37 8 90 9 65 10 14 11 30 12 10 
0 43 1 91 2 42 3 25 4 80 5 10 6 17 7 12 8 20 9 80 10 85 11 85 12 66 
0 48 1 70 2 24 3 81 4 21 5 2 6 40 7 53 8 90 9 5 10 87 11 91 12 49 
0 83 1 99 2 99 3 15 4 75 5 99 6 27 7 53 8 75 9 89 10 99 11 75 12 66 
0 27 1 44 2 3 3 30 4 92 5 44 6 6 7 37 8 24 9 26 10 45 11 33 12 63 
0 53 1 78 2 65 3 98 4 38 5 57 6 81 7 54 8 93 9 28 10 51 11 19 12 86 
0 46 1 40 2 95 3 32 4 5 5 76 6 22 7 65 8 35 9 78 10 69 11 4 12 47 
0 50 1 24 2 18 3 100 4 22 5 97 6 22 7 44 8 23 9 29 10 46 11 77 12 72 
0 89 1 11 2 49 3 38 4 62 5 64 6 72 7 98 8 21 9 30 10 61 11 30 12 65 
0 95 1 18 2 92 3 31 4 23 5 68 6 26 7 3 8 13 9 64 10 50 11 71 12 8 
0 37 1 73 2 5 3 56 4 92 5 79 6 88 7 17 8 64 9 15 10 16 11 17 12 53 
0 73 1 93 2 69 3 34 4 33 5 79 6 81 7 12 8 99 9 52 10 20 11 36 12 52 
0 31 1 31 2 63 3 43 4 92 5 41 6 27 7 36 8 72 9 45 10 29 11 6 12 9 
0 43 1 96 2 72 3 36 4 90 5 87 6 57 7 71 8 71 9 78 10 25 11 46 12 77 
