50 8
0 77 1 56 2 22 3 11 4 95 5 27 6 58 7 90 
0 38 1 5 2 25 3 76 4 40 5 39 6 52 7 77 
0 61 1 88 2 83 3 35 4 63 5 87 6 87 7 24 
0 56 1 60 2 46 3 61 4 10 5 52 6 49 7 45 
0 15 1 60 2 51 3 73 4 53 5 100 6 62 7 7 
0 72 1 87 2 82 3 64 4 23 5 9 6 15 7 54 
0 57 1 49 2 28 3 55 4 97 5 85 6 52 7 89 
0 47 1 30 2 86 3 75 4 1 5 1 6 80 7 29 
0 42 1 49 2 18 3 42 4 92 5 25 6 64 7 89 
0 11 1 12 2 87 3 51 4 88 5 50 6 10 7 74 
0 8 1 18 2 98 3 71 4 93 5 36 6 78 7 2 
0 54 1 93 2 70 3 56 4 66 5 74 6 83 7 97 
0 82 1 33 2 47 3 53 4 66 5 74 6 38 7 98 
0 90 1 68 2 64 3 37 4 57 5 32 6 51 7 58 
0 48 1 67 2 41 3 94 4 16 5 75 6 46 7 8 
0 71 1 20 2 20 3 36 4 40 5 50 6 23 7 50 
0 65 1 32 2 60 3 20 4 99 5 1 6 42 7 72 
0 74 1 34 2 47 3 17 4 8 5 36 6 58 7 55 
0 29 1 6 2 78 3 10 4 12 5 26 6 4 7 87 
0 62 1 17 2 67 3 76 4 35 5 75 6 99 7 12 
0 94 1 92 2 45 3 96 4 65 5 12 6 2 7 88 
0 59 1 31 2 58 3 96 4 91 5 19 6 96 7 31 
0 81 1 98 2 12 3 38 4 41 5 16 6 56 7 80 
0 4 1 94 2 46 3 94 4 25 5 59 6 82 7 93 
0 84 1 40 2 36 3 82 4 57 5 64 6 5 7 14 
0 73 1 99 2 30 3 26 4 51 5 21 6 88 7 67 
0 20 1 60 2 27 3 89 4 25 5 31 6 64 7 87 
0 59 1 53 2 49 3 73 4 82 5 37 6 56 7 93 
0 66 1 35 2 73 3 7 4 69 5 28 6 30 7 15 
0 35 1 31 2 34 3 85 4 33 5 13 6 74 7 91 
0 67 1 73 2 38 3 98 4 70 5 10 6 31 7 17 
0 27 1 20 2 43 3 44 4 17 5 65 6 96 7 27 
0 97 1 3 2 1 3 75 4 3 5 12 6 41 7 85 
0 81 1 59 2 40 3 27 4 85 5 53 6 35 7 77 
0 31 1 89 2 29 3 25 4 56 5 35 6 67 7 62 
0 73 1 84 2 50 3 49 4 37 5 98 6 3 7 73 
0 8 1 4 2 36 3 97 4 33 5 91 6 2 7 99 
0 37 1 47 2 40 3 27 4 45 5 48 6 64 7 37 
0 39 1 36 2 59 3 15 4 45 5 91 6 23 7 8 
0 15 1 87 2 34 3 37 4 54 5 91 6 73 7 3 
0 99 1 70 2 23 3 35 4 35 5 43 6 99 7 18 
0 50 1 7 2 27 3 36 4 42 5 42 6 76 7 12 
0 9 1 97 2 26 3 68 4 38 5 45 6 63 7 80 
0 64 1 54 2 71 3 68 4 11 5 80 6 96 7 52 
0 16 1 65 2 39 3 94 4 56 5 75 6 15 7 100 
0 10 1 85 2 47 3 9 4 47 5 79 6 52 7 89 
0 87 1 15 2 13 3 50 4 67 5 18 6 13 7 14 
0 80 1 27 2 11 3 5 4 16 5 71 6 79 7 1 
0 54 1 48 2 60 3 85 4 43 5 20 6 53 7 41 
0 80 1 58 2 57 3 89 4 65 5 6 6 55 7 43 
