50 8
0 9 1 8 2 91 3 32 4 27 5 8 6 27 7 69 
0 17 1 100 2 47 3 15 4 35 5 30 6 24 7 84 
0 29 1 60 2 99 3 20 4 9 5 28 6 70 7 73 
0 76 1 79 2 70 3 28 4 50 5 57 6 79 7 3 
0 60 1 33 2 46 3 45 4 55 5 86 6 43 7 79 
0 73 1 29 2 28 3 71 4 43 5 23 6 44 7 3 
0 90 1 44 2 20 3 56 4 6 5 86 6 99 7 15 
0 49 1 27 2 38 3 69 4 41 5 24 6 3 7 10 
0 19 1 8 2 50 3 35 4 50 5 36 6 34 7 36 
0 88 1 16 2 67 3 51 4 4 5 43 6 31 7 5 
0 4 1 74 2 71 3 61 4 78 5 32 6 47 7 65 
0 41 1 20 2 14 3 5 4 8 5 57 6 55 7 99 
0 11 1 12 2 75 3 7 4 1 5 14 6 15 7 75 
0 46 1 67 2 70 3 6 4 64 5 36 6 88 7 17 
0 32 1 59 2 10 3 65 4 32 5 13 6 61 7 7 
0 76 1 52 2 100 3 45 4 48 5 54 6 95 7 7 
0 91 1 23 2 47 3 97 4 90 5 49 6 90 7 40 
0 19 1 92 2 85 3 50 4 61 5 87 6 100 7 39 
0 68 1 71 2 90 3 82 4 68 5 56 6 96 7 29 
0 48 1 76 2 62 3 25 4 92 5 42 6 29 7 23 
0 86 1 58 2 15 3 33 4 90 5 22 6 90 7 15 
0 64 1 18 2 55 3 1 4 82 5 29 6 14 7 7 
0 9 1 94 2 30 3 95 4 81 5 3 6 14 7 20 
0 85 1 78 2 72 3 87 4 11 5 80 6 35 7 73 
0 62 1 43 2 83 3 35 4 34 5 75 6 62 7 99 
0 14 1 65 2 55 3 61 4 19 5 10 6 71 7 36 
0 56 1 39 2 57 3 40 4 97 5 5 6 40 7 15 
0 80 1 97 2 12 3 52 4 81 5 52 6 18 7 69 
0 55 1 65 2 2 3 92 4 80 5 5 6 11 7 91 
0 99 1 100 2 44 3 16 4 54 5 35 6 86 7 71 
0 88 1 40 2 14 3 7 4 67 5 50 6 11 7 73 
0 18 1 22 2 10 3 12 4 57 5 59 6 64 7 30 
0 64 1 5 2 88 3 98 4 65 5 47 6 72 7 9 
0 61 1 58 2 32 3 5 4 88 5 72 6 69 7 78 
0 27 1 31 2 39 3 49 4 27 5 71 6 46 7 20 
0 31 1 56 2 36 3 52 4 14 5 68 6 97 7 81 
0 11 1 58 2 79 3 78 4 91 5 68 6 62 7 54 
0 66 1 19 2 60 3 14 4 88 5 88 6 77 7 62 
0 30 1 15 2 36 3 85 4 96 5 76 6 58 7 82 
0 34 1 70 2 37 3 49 4 30 5 37 6 93 7 54 
0 8 1 19 2 38 3 95 4 79 5 70 6 65 7 50 
0 5 1 30 2 4 3 59 4 62 5 18 6 12 7 88 
0 4 1 88 2 72 3 11 4 3 5 99 6 56 7 42 
0 86 1 31 2 34 3 66 4 13 5 40 6 76 7 78 
0 19 1 89 2 41 3 44 4 50 5 60 6 67 7 20 
0 72 1 3 2 50 3 83 4 46 5 5 6 74 7 93 
0 33 1 58 2 44 3 29 4 81 5 37 6 48 7 33 
0 19 1 80 2 63 3 60 4 90 5 92 6 35 7 44 
0 11 1 22 2 48 3 64 4 12 5 16 6 55 7 76 
0 99 1 64 2 23 3 62 4 10 5 48 6 77 7 35 
