50 8
0 41 1 56 2 69 3 23 4 17 5 87 6 47 7 79 
0 71 1 68 2 19 3 100 4 22 5 90 6 20 7 15 
0 57 1 9 2 53 3 42 4 53 5 73 6 59 7 19 
0 47 1 70 2 16 3 8 4 20 5 98 6 18 7 77 
0 43 1 91 2 91 3 35 4 97 5 66 6 74 7 79 
0 98 1 57 2 38 3 81 4 3 5 80 6 42 7 40 
0 25 1 80 2 67 3 88 4 24 5 43 6 57 7 75 
0 86 1 31 2 70 3 76 4 26 5 63 6 88 7 36 
0 43 1 16 2 69 3 35 4 90 5 90 6 71 7 16 
0 4 1 5 2 97 3 35 4 75 5 33 6 13 7 80 
0 62 1 20 2 19 3 41 4 49 5 93 6 24 7 38 
0 24 1 62 2 86 3 11 4 96 5 36 6 12 7 6 
0 37 1 31 2 15 3 82 4 88 5 85 6 42 7 8 
0 12 1 30 2 70 3 91 4 80 5 21 6 98 7 89 
0 84 1 10 2 77 3 30 4 46 5 46 6 54 7 75 
0 95 1 31 2 80 3 69 4 8 5 44 6 54 7 95 
0 83 1 99 2 25 3 18 4 25 5 95 6 99 7 95 
0 42 1 18 2 17 3 44 4 23 5 9 6 77 7 48 
0 86 1 34 2 14 3 97 4 52 5 15 6 67 7 39 
0 78 1 71 2 39 3 31 4 47 5 65 6 61 7 15 
0 54 1 16 2 70 3 90 4 28 5 8 6 1 7 24 
0 47 1 42 2 92 3 55 4 12 5 23 6 1 7 93 
0 5 1 82 2 37 3 92 4 89 5 24 6 68 7 81 
0 88 1 19 2 14 3 62 4 45 5 43 6 84 7 34 
0 81 1 74 2 53 3 77 4 41 5 26 6 43 7 12 
0 94 1 36 2 95 3 7 4 75 5 27 6 62 7 79 
0 68 1 27 2 7 3 51 4 87 5 19 6 3 7 73 
0 54 1 37 2 50 3 57 4 82 5 23 6 37 7 22 
0 93 1 20 2 89 3 75 4 92 5 25 6 36 7 18 
0 47 1 37 2 12 3 73 4 82 5 25 6 56 7 9 
0 82 1 12 2 55 3 16 4 70 5 77 6 11 7 38 
0 25 1 99 2 10 3 18 4 95 5 1 6 44 7 81 
0 70 1 52 2 61 3 74 4 68 5 31 6 42 7 61 
0 60 1 16 2 7 3 61 4 99 5 83 6 57 7 87 
0 2 1 91 2 14 3 58 4 15 5 67 6 98 7 71 
0 92 1 41 2 49 3 76 4 53 5 2 6 77 7 37 
0 12 1 14 2 52 3 40 4 16 5 75 6 16 7 17 
0 75 1 47 2 79 3 75 4 24 5 29 6 59 7 69 
0 40 1 78 2 63 3 81 4 74 5 72 6 5 7 36 
0 83 1 61 2 88 3 56 4 54 5 12 6 97 7 35 
0 59 1 71 2 75 3 85 4 35 5 83 6 68 7 97 
0 86 1 80 2 80 3 93 4 24 5 24 6 91 7 82 
0 48 1 67 2 56 3 86 4 34 5 78 6 81 7 57 
0 31 1 13 2 100 3 32 4 85 5 84 6 92 7 29 
0 13 1 69 2 2 3 38 4 37 5 81 6 95 7 46 
0 21 1 53 2 41 3 72 4 18 5 93 6 39 7 72 
0 53 1 32 2 53 3 8 4 91 5 65 6 90 7 90 
0 25 1 43 2 85 3 9 4 5 5 89 6 84 7 24 
0 54 1 19 2 64 3 69 4 64 5 2 6 84 7 70 
0 98 1 74 2 20 3 70 4 62 5 1 6 13 7 85 
