50 20
0 67 1 17 2 62 3 50 4 96 5 18 6 71 7 20 8 99 9 74 10 98 11 22 12 68 13 16 14 37 15 59 16 12 17 7 18 13 19 43 
0 51 1 4 2 64 3 29 4 9 5 20 6 2 7 63 8 56 9 7 10 78 11 60 12 5 13 62 14 75 15 97 16 67 17 6 18 43 19 64 
0 53 1 77 2 10 3 40 4 48 5 72 6 81 7 35 8 52 9 55 10 23 11 57 12 94 13 89 14 1 15 41 16 86 17 74 18 92 19 71 
0 9 1 42 2 71 3 84 4 81 5 66 6 60 7 97 8 31 9 61 10 75 11 3 12 81 13 99 14 69 15 40 16 53 17 96 18 46 19 34 
0 8 1 99 2 60 3 44 4 1 5 100 6 45 7 27 8 14 9 38 10 93 11 2 12 86 13 79 14 16 15 39 16 81 17 19 18 65 19 31 
0 97 1 99 2 94 3 97 4 4 5 95 6 19 7 67 8 84 9 25 10 5 11 86 12 9 13 96 14 20 15 23 16 25 17 65 18 48 19 28 
0 43 1 43 2 55 3 42 4 31 5 99 6 91 7 66 8 70 9 14 10 11 11 19 12 97 13 87 14 68 15 22 16 26 17 44 18 6 19 14 
0 51 1 35 2 31 3 46 4 32 5 15 6 22 7 22 8 75 9 66 10 19 11 15 12 59 13 4 14 78 15 49 16 25 17 67 18 79 19 85 
0 27 1 93 2 60 3 9 4 18 5 61 6 49 7 80 8 9 9 52 10 41 11 12 12 18 13 11 14 68 15 47 16 32 17 33 18 18 19 11 
0 87 1 39 2 70 3 41 4 98 5 18 6 100 7 67 8 83 9 10 10 91 11 49 12 4 13 15 14 9 15 60 16 17 17 67 18 27 19 89 
0 3 1 92 2 9 3 80 4 42 5 39 6 57 7 80 8 71 9 51 10 58 11 59 12 36 13 2 14 20 15 22 16 87 17 20 18 29 19 36 
0 30 1 2 2 20 3 6 4 60 5 16 6 88 7 22 8 73 9 76 10 45 11 6 12 73 13 94 14 84 15 84 16 66 17 60 18 88 19 78 
0 16 1 93 2 46 3 60 4 15 5 89 6 3 7 43 8 65 9 11 10 58 11 18 12 47 13 70 14 62 15 39 16 32 17 97 18 36 19 2 
0 43 1 44 2 59 3 49 4 76 5 48 6 65 7 90 8 74 9 28 10 83 11 63 12 21 13 90 14 71 15 45 16 50 17 28 18 26 19 59 
0 73 1 75 2 67 3 41 4 9 5 42 6 9 7 70 8 62 9 85 10 21 11 77 12 37 13 58 14 15 15 50 16 8 17 23 18 73 19 54 
0 84 1 17 2 41 3 68 4 99 5 1 6 81 7 16 8 38 9 19 10 39 11 23 12 48 13 10 14 89 15 35 16 14 17 34 18 25 19 6 
0 27 1 55 2 41 3 52 4 69 5 62 6 79 7 83 8 25 9 21 10 97 11 96 12 100 13 70 14 97 15 12 16 60 17 28 18 90 19 98 
0 7 1 35 2 15 3 80 4 14 5 38 6 76 7 5 8 98 9 91 10 97 11 74 12 53 13 17 14 25 15 31 16 47 17 76 18 84 19 82 
0 35 1 22 2 62 3 84 4 72 5 77 6 58 7 90 8 19 9 58 10 25 11 32 12 15 13 27 14 35 15 39 16 22 17 97 18 88 19 100 
0 56 1 47 2 91 3 33 4 76 5 45 6 6 7 67 8 10 9 34 10 90 11 86 12 61 13 1 14 98 15 55 16 11 17 40 18 32 19 72 
0 44 1 29 2 26 3 15 4 56 5 72 6 98 7 52 8 43 9 82 10 87 11 67 12 15 13 5 14 71 15 49 16 40 17 9 18 5 19 12 
0 5 1 28 2 49 3 85 4 18 5 46 6 42 7 53 8 1 9 59 10 11 11 64 12 59 13 95 14 59 15 15 16 3 17 40 18 46 19 14 
0 3 1 86 2 60 3 6 4 88 5 18 6 96 7 55 8 3 9 12 10 74 11 54 12 41 13 97 14 45 15 10 16 37 17 47 18 49 19 17 
0 68 1 17 2 74 3 39 4 99 5 55 6 100 7 83 8 50 9 57 10 57 11 64 12 97 13 39 14 18 15 84 16 10 17 21 18 71 19 70 
0 97 1 78 2 69 3 40 4 85 5 91 6 56 7 18 8 16 9 44 10 9 11 36 12 70 13 37 14 95 15 72 16 73 17 27 18 54 19 90 
0 84 1 35 2 38 3 85 4 69 5 91 6 28 7 21 8 86 9 83 10 6 11 12 12 42 13 26 14 10 15 80 16 100 17 14 18 97 19 60 
0 49 1 16 2 68 3 7 4 57 5 95 6 52 7 85 8 9 9 43 10 69 11 90 12 52 13 81 14 69 15 72 16 45 17 85 18 94 19 35 
0 37 1 39 2 14 3 90 4 13 5 75 6 53 7 93 8 52 9 54 10 100 11 24 12 22 13 95 14 14 15 65 16 40 17 4 18 36 19 29 
0 34 1 93 2 66 3 27 4 25 5 21 6 54 7 94 8 24 9 75 10 88 11 88 12 92 13 25 14 69 15 91 16 83 17 23 18 66 19 54 
0 32 1 74 2 31 3 74 4 1 5 59 6 38 7 32 8 27 9 38 10 21 11 6 12 59 13 100 14 62 15 54 16 5 17 11 18 10 19 22 
0 34 1 2 2 9 3 97 4 21 5 46 6 89 7 54 8 55 9 73 10 2 11 6 12 23 13 33 14 64 15 65 16 30 17 100 18 66 19 55 
0 64 1 17 2 70 3 13 4 61 5 30 6 40 7 58 8 70 9 30 10 62 11 65 12 27 13 35 14 43 15 6 16 27 17 89 18 56 19 93 
0 55 1 36 2 99 3 65 4 67 5 2 6 46 7 92 8 18 9 74 10 69 11 51 12 81 13 81 14 39 15 42 16 46 17 38 18 33 19 56 
0 32 1 9 2 36 3 44 4 50 5 78 6 95 7 64 8 1 9 27 10 16 11 52 12 51 13 93 14 100 15 9 16 36 17 65 18 95 19 91 
0 94 1 14 2 18 3 53 4 13 5 24 6 40 7 73 8 7 9 55 10 50 11 96 12 47 13 36 14 80 15 10 16 50 17 57 18 74 19 100 
0 41 1 65 2 82 3 71 4 14 5 53 6 24 7 92 8 100 9 27 10 87 11 66 12 82 13 70 14 60 15 67 16 61 17 78 18 22 19 61 
0 19 1 64 2 14 3 67 4 30 5 94 6 11 7 12 8 51 9 56 10 17 11 13 12 77 13 74 14 95 15 3 16 81 17 25 18 74 19 3 
0 48 1 60 2 31 3 37 4 81 5 47 6 48 7 53 8 90 9 44 10 26 11 13 12 19 13 79 14 66 15 88 16 25 17 20 18 46 19 89 
0 59 1 44 2 82 3 46 4 73 5 13 6 6 7 36 8 80 9 27 10 64 11 51 12 30 13 21 14 95 15 81 16 70 17 99 18 1 19 60 
0 45 1 69 2 47 3 96 4 16 5 1 6 19 7 33 8 7 9 67 10 95 11 66 12 67 13 83 14 57 15 46 16 32 17 86 18 96 19 1 
0 89 1 10 2 9 3 42 4 69 5 36 6 79 7 63 8 17 9 13 10 90 11 91 12 78 13 53 14 74 15 56 16 84 17 16 18 54 19 99 
0 72 1 96 2 35 3 24 4 52 5 67 6 24 7 20 8 96 9 19 10 84 11 97 12 44 13 75 14 55 15 80 16 7 17 38 18 74 19 70 
0 98 1 71 2 26 3 39 4 74 5 32 6 50 7 78 8 33 9 69 10 54 11 36 12 9 13 57 14 32 15 17 16 100 17 49 18 24 19 2 
0 3 1 73 2 89 3 22 4 1 5 2 6 85 7 94 8 42 9 100 10 59 11 40 12 17 13 30 14 60 15 65 16 38 17 80 18 12 19 91 
0 100 1 22 2 32 3 28 4 60 5 70 6 39 7 32 8 31 9 33 10 73 11 12 12 10 13 100 14 95 15 46 16 65 17 47 18 22 19 25 
0 25 1 8 2 34 3 96 4 66 5 73 6 11 7 20 8 38 9 38 10 80 11 18 12 62 13 63 14 89 15 63 16 70 17 1 18 31 19 17 
0 9 1 79 2 64 3 61 4 84 5 43 6 30 7 48 8 100 9 94 10 12 11 10 12 33 13 58 14 72 15 33 16 69 17 87 18 71 19 71 
0 72 1 16 2 29 3 67 4 72 5 98 6 70 7 2 8 37 9 86 10 57 11 90 12 8 13 31 14 48 15 59 16 29 17 76 18 9 19 72 
0 97 1 13 2 87 3 22 4 75 5 31 6 70 7 82 8 99 9 56 10 79 11 45 12 49 13 17 14 68 15 75 16 94 17 21 18 62 19 66 
0 70 1 66 2 16 3 92 4 83 5 91 6 79 7 40 8 88 9 51 10 20 11 87 12 14 13 30 14 80 15 78 16 11 17 75 18 11 19 45 
