50 14
0 47 1 86 2 77 3 82 4 21 5 19 6 33 7 40 8 77 9 82 10 69 11 35 12 45 13 77 
0 94 1 44 2 71 3 25 4 37 5 66 6 20 7 10 8 86 9 65 10 53 11 49 12 26 13 90 
0 12 1 93 2 23 3 47 4 93 5 85 6 68 7 42 8 91 9 76 10 1 11 60 12 26 13 80 
0 59 1 17 2 36 3 15 4 69 5 21 6 75 7 40 8 61 9 95 10 60 11 10 12 85 13 82 
0 50 1 88 2 21 3 36 4 59 5 82 6 67 7 25 8 25 9 19 10 96 11 24 12 14 13 15 
0 78 1 81 2 80 3 42 4 88 5 10 6 92 7 82 8 89 9 83 10 92 11 92 12 33 13 37 
0 17 1 3 2 29 3 91 4 58 5 50 6 14 7 18 8 94 9 76 10 36 11 48 12 56 13 95 
0 74 1 70 2 54 3 59 4 14 5 74 6 42 7 94 8 96 9 68 10 30 11 47 12 26 13 92 
0 65 1 87 2 97 3 86 4 17 5 79 6 24 7 86 8 27 9 96 10 67 11 99 12 65 13 67 
0 90 1 36 2 62 3 75 4 30 5 56 6 94 7 21 8 99 9 26 10 34 11 12 12 26 13 84 
0 41 1 57 2 1 3 29 4 83 5 21 6 95 7 62 8 26 9 5 10 35 11 81 12 94 13 41 
0 19 1 30 2 99 3 95 4 18 5 99 6 32 7 56 8 20 9 17 10 48 11 19 12 57 13 57 
0 2 1 94 2 86 3 26 4 71 5 4 6 98 7 33 8 97 9 86 10 92 11 44 12 88 13 64 
0 81 1 44 2 72 3 82 4 49 5 9 6 25 7 63 8 66 9 46 10 46 11 75 12 97 13 74 
0 86 1 37 2 55 3 50 4 37 5 16 6 38 7 57 8 92 9 37 10 17 11 12 12 39 13 92 
0 26 1 47 2 14 3 93 4 47 5 76 6 35 7 89 8 78 9 11 10 72 11 79 12 73 13 29 
0 47 1 1 2 55 3 92 4 60 5 47 6 18 7 10 8 32 9 76 10 61 11 59 12 83 13 62 
0 90 1 55 2 47 3 22 4 35 5 32 6 87 7 69 8 11 9 70 10 19 11 40 12 38 13 2 
0 72 1 72 2 57 3 20 4 45 5 46 6 53 7 23 8 97 9 19 10 13 11 80 12 58 13 58 
0 33 1 20 2 66 3 61 4 90 5 60 6 70 7 12 8 66 9 84 10 31 11 98 12 23 13 60 
0 34 1 53 2 83 3 52 4 82 5 24 6 74 7 6 8 56 9 19 10 5 11 92 12 25 13 57 
0 52 1 50 2 86 3 65 4 16 5 74 6 74 7 100 8 72 9 16 10 67 11 98 12 6 13 98 
0 37 1 40 2 85 3 20 4 83 5 34 6 3 7 61 8 21 9 48 10 11 11 21 12 70 13 26 
0 52 1 21 2 9 3 27 4 60 5 31 6 64 7 18 8 34 9 15 10 53 11 29 12 53 13 21 
0 76 1 81 2 21 3 5 4 24 5 51 6 100 7 22 8 25 9 42 10 98 11 97 12 70 13 80 
0 34 1 55 2 61 3 15 4 57 5 86 6 5 7 90 8 38 9 11 10 31 11 16 12 43 13 67 
0 55 1 90 2 34 3 44 4 36 5 24 6 72 7 40 8 75 9 96 10 96 11 89 12 97 13 100 
0 12 1 65 2 22 3 62 4 46 5 82 6 26 7 55 8 61 9 25 10 5 11 5 12 61 13 55 
0 55 1 96 2 76 3 89 4 2 5 94 6 65 7 19 8 93 9 1 10 95 11 38 12 77 13 60 
0 7 1 99 2 46 3 95 4 3 5 42 6 71 7 80 8 1 9 58 10 30 11 25 12 2 13 12 
0 9 1 42 2 87 3 4 4 52 5 87 6 2 7 80 8 70 9 61 10 3 11 74 12 47 13 11 
0 36 1 96 2 18 3 82 4 66 5 15 6 41 7 11 8 90 9 25 10 80 11 68 12 10 13 26 
0 25 1 47 2 9 3 76 4 1 5 31 6 83 7 20 8 98 9 2 10 52 11 5 12 85 13 53 
0 89 1 13 2 44 3 26 4 26 5 97 6 78 7 28 8 13 9 15 10 21 11 28 12 46 13 83 
0 93 1 27 2 9 3 85 4 12 5 22 6 19 7 13 8 88 9 75 10 4 11 17 12 87 13 35 
0 67 1 45 2 40 3 60 4 13 5 19 6 46 7 76 8 22 9 64 10 65 11 4 12 57 13 21 
0 53 1 10 2 42 3 51 4 90 5 92 6 14 7 81 8 2 9 4 10 60 11 80 12 15 13 26 
0 89 1 26 2 12 3 74 4 75 5 39 6 90 7 70 8 43 9 88 10 69 11 65 12 71 13 27 
0 1 1 61 2 37 3 13 4 81 5 91 6 73 7 19 8 9 9 67 10 35 11 87 12 2 13 30 
0 72 1 82 2 80 3 7 4 85 5 97 6 84 7 68 8 14 9 86 10 79 11 2 12 75 13 8 
0 72 1 19 2 3 3 58 4 57 5 73 6 15 7 22 8 72 9 17 10 3 11 10 12 86 13 29 
0 71 1 70 2 20 3 85 4 33 5 29 6 80 7 17 8 62 9 12 10 35 11 55 12 93 13 32 
0 89 1 68 2 12 3 30 4 100 5 74 6 24 7 47 8 98 9 28 10 36 11 56 12 20 13 32 
0 38 1 63 2 63 3 18 4 56 5 39 6 68 7 36 8 72 9 9 10 81 11 67 12 80 13 30 
0 96 1 85 2 42 3 49 4 80 5 49 6 67 7 30 8 58 9 64 10 95 11 68 12 28 13 5 
0 32 1 5 2 22 3 20 4 70 5 28 6 64 7 42 8 18 9 13 10 14 11 5 12 92 13 51 
0 36 1 49 2 68 3 39 4 41 5 36 6 72 7 14 8 88 9 24 10 47 11 46 12 71 13 32 
0 97 1 96 2 66 3 17 4 20 5 59 6 3 7 78 8 89 9 27 10 71 11 10 12 5 13 13 
0 25 1 89 2 42 3 82 4 18 5 25 6 80 7 97 8 71 9 1 10 33 11 65 12 17 13 22 
0 48 1 10 2 83 3 82 4 33 5 11 6 30 7 33 8 66 9 27 10 73 11 34 12 44 13 96 
