50 2
0 65 1 19 
0 60 1 83 
0 32 1 68 
0 3 1 6 
0 75 1 73 
0 5 1 12 
0 60 1 53 
0 39 1 95 
0 93 1 4 
0 39 1 25 
0 39 1 90 
0 65 1 66 
0 53 1 50 
0 34 1 43 
0 29 1 60 
0 98 1 83 
0 39 1 64 
0 3 1 62 
0 33 1 16 
0 42 1 94 
0 30 1 89 
0 69 1 63 
0 86 1 57 
0 72 1 92 
0 74 1 6 
0 90 1 2 
0 61 1 33 
0 21 1 41 
0 87 1 82 
0 22 1 64 
0 96 1 4 
0 83 1 30 
0 94 1 4 
0 91 1 84 
0 65 1 5 
0 47 1 28 
0 2 1 32 
0 72 1 70 
0 32 1 10 
0 80 1 44 
0 51 1 23 
0 30 1 73 
0 88 1 81 
0 95 1 95 
0 78 1 100 
0 32 1 1 
0 13 1 98 
0 48 1 78 
0 18 1 39 
0 85 1 61 
