50 20
0 76 1 35 2 39 3 42 4 98 5 49 6 11 7 60 8 93 9 75 10 64 11 10 12 11 13 28 14 60 15 28 16 48 17 31 18 45 19 86 
0 33 1 16 2 18 3 43 4 76 5 12 6 35 7 71 8 64 9 8 10 88 11 59 12 25 13 7 14 11 15 79 16 46 17 93 18 91 19 73 
0 100 1 84 2 39 3 74 4 31 5 65 6 86 7 34 8 21 9 47 10 52 11 75 12 74 13 15 14 88 15 11 16 92 17 30 18 99 19 87 
0 44 1 20 2 53 3 91 4 61 5 48 6 54 7 39 8 71 9 61 10 54 11 66 12 14 13 56 14 93 15 14 16 82 17 90 18 65 19 2 
0 6 1 86 2 21 3 7 4 34 5 13 6 97 7 91 8 75 9 86 10 83 11 79 12 35 13 68 14 98 15 28 16 78 17 65 18 96 19 22 
0 95 1 70 2 57 3 22 4 52 5 37 6 21 7 76 8 1 9 29 10 62 11 82 12 72 13 47 14 21 15 98 16 12 17 13 18 40 19 8 
0 47 1 78 2 90 3 5 4 19 5 15 6 72 7 55 8 99 9 59 10 100 11 14 12 22 13 35 14 46 15 29 16 70 17 9 18 65 19 99 
0 83 1 95 2 96 3 75 4 90 5 87 6 45 7 93 8 19 9 88 10 5 11 25 12 20 13 88 14 69 15 89 16 22 17 95 18 40 19 69 
0 17 1 84 2 12 3 38 4 32 5 19 6 45 7 19 8 64 9 19 10 89 11 89 12 90 13 56 14 16 15 92 16 4 17 70 18 9 19 63 
0 93 1 62 2 87 3 92 4 4 5 81 6 57 7 74 8 82 9 49 10 3 11 34 12 53 13 84 14 50 15 48 16 24 17 74 18 57 19 13 
0 6 1 73 2 15 3 79 4 5 5 77 6 60 7 40 8 58 9 15 10 6 11 30 12 30 13 84 14 30 15 71 16 90 17 27 18 56 19 2 
0 16 1 63 2 55 3 47 4 47 5 99 6 70 7 76 8 60 9 32 10 39 11 7 12 64 13 59 14 15 15 30 16 1 17 38 18 69 19 69 
0 62 1 67 2 58 3 8 4 13 5 70 6 84 7 48 8 59 9 1 10 73 11 57 12 38 13 31 14 15 15 53 16 93 17 59 18 5 19 1 
0 46 1 78 2 57 3 100 4 60 5 67 6 35 7 64 8 15 9 2 10 30 11 85 12 6 13 87 14 88 15 45 16 57 17 84 18 22 19 34 
0 81 1 92 2 62 3 87 4 97 5 90 6 79 7 82 8 39 9 38 10 14 11 17 12 50 13 70 14 47 15 89 16 75 17 23 18 16 19 93 
0 71 1 52 2 99 3 23 4 8 5 88 6 51 7 45 8 4 9 69 10 100 11 25 12 61 13 15 14 73 15 91 16 7 17 16 18 66 19 85 
0 4 1 98 2 47 3 70 4 74 5 56 6 76 7 47 8 55 9 21 10 67 11 8 12 44 13 16 14 72 15 69 16 87 17 2 18 74 19 76 
0 11 1 75 2 69 3 1 4 36 5 4 6 44 7 58 8 70 9 98 10 72 11 25 12 24 13 7 14 50 15 65 16 13 17 14 18 78 19 53 
0 63 1 88 2 79 3 74 4 90 5 10 6 63 7 22 8 97 9 8 10 88 11 64 12 70 13 29 14 32 15 35 16 59 17 29 18 88 19 85 
0 47 1 99 2 37 3 21 4 84 5 32 6 76 7 97 8 25 9 38 10 77 11 5 12 37 13 11 14 64 15 20 16 4 17 89 18 93 19 75 
0 83 1 6 2 30 3 96 4 25 5 17 6 53 7 69 8 10 9 53 10 17 11 7 12 31 13 16 14 67 15 37 16 62 17 54 18 68 19 86 
0 18 1 87 2 43 3 69 4 8 5 81 6 26 7 69 8 42 9 88 10 11 11 1 12 4 13 31 14 51 15 52 16 97 17 5 18 48 19 81 
0 61 1 75 2 82 3 68 4 36 5 77 6 19 7 77 8 77 9 83 10 80 11 64 12 90 13 23 14 57 15 100 16 86 17 1 18 20 19 15 
0 26 1 71 2 98 3 11 4 73 5 90 6 46 7 60 8 14 9 63 10 6 11 53 12 40 13 65 14 3 15 23 16 28 17 58 18 84 19 9 
0 8 1 80 2 62 3 34 4 8 5 4 6 15 7 99 8 32 9 89 10 49 11 15 12 87 13 45 14 58 15 36 16 68 17 14 18 88 19 14 
0 34 1 57 2 88 3 3 4 61 5 79 6 56 7 47 8 92 9 47 10 86 11 7 12 79 13 95 14 58 15 31 16 53 17 61 18 83 19 44 
0 43 1 11 2 7 3 61 4 32 5 32 6 1 7 81 8 80 9 85 10 65 11 51 12 90 13 94 14 38 15 67 16 53 17 76 18 35 19 86 
0 95 1 14 2 94 3 90 4 29 5 54 6 42 7 32 8 18 9 53 10 49 11 15 12 80 13 82 14 63 15 63 16 33 17 20 18 84 19 99 
0 19 1 85 2 50 3 96 4 17 5 8 6 93 7 75 8 8 9 50 10 16 11 52 12 4 13 36 14 2 15 77 16 12 17 85 18 2 19 79 
0 88 1 35 2 35 3 59 4 29 5 81 6 25 7 5 8 66 9 24 10 45 11 85 12 33 13 81 14 9 15 46 16 18 17 68 18 59 19 86 
0 14 1 99 2 55 3 4 4 73 5 80 6 9 7 16 8 14 9 64 10 39 11 69 12 30 13 77 14 86 15 83 16 39 17 4 18 47 19 2 
0 24 1 60 2 65 3 42 4 28 5 89 6 41 7 38 8 79 9 33 10 81 11 61 12 2 13 72 14 29 15 76 16 86 17 36 18 47 19 88 
0 80 1 78 2 90 3 73 4 78 5 87 6 53 7 48 8 21 9 71 10 34 11 4 12 33 13 57 14 96 15 3 16 78 17 97 18 40 19 14 
0 93 1 50 2 11 3 45 4 93 5 67 6 89 7 26 8 77 9 41 10 13 11 75 12 60 13 8 14 14 15 88 16 21 17 55 18 10 19 72 
0 83 1 47 2 4 3 39 4 83 5 21 6 37 7 28 8 28 9 19 10 1 11 95 12 1 13 1 14 88 15 77 16 90 17 30 18 98 19 21 
0 87 1 24 2 4 3 22 4 97 5 44 6 68 7 98 8 3 9 2 10 38 11 21 12 25 13 81 14 83 15 76 16 27 17 36 18 1 19 45 
0 45 1 78 2 41 3 62 4 62 5 95 6 21 7 78 8 77 9 93 10 35 11 18 12 99 13 3 14 17 15 33 16 28 17 95 18 32 19 71 
0 94 1 16 2 19 3 65 4 65 5 91 6 14 7 47 8 42 9 100 10 39 11 66 12 79 13 69 14 73 15 66 16 9 17 33 18 58 19 82 
0 2 1 93 2 34 3 62 4 14 5 20 6 19 7 83 8 35 9 72 10 97 11 39 12 32 13 41 14 54 15 44 16 7 17 13 18 38 19 100 
0 41 1 90 2 65 3 19 4 61 5 55 6 6 7 11 8 50 9 78 10 27 11 24 12 54 13 59 14 41 15 69 16 99 17 39 18 5 19 4 
0 64 1 28 2 94 3 26 4 1 5 53 6 78 7 61 8 27 9 38 10 65 11 30 12 78 13 85 14 7 15 53 16 94 17 21 18 60 19 8 
0 12 1 39 2 78 3 93 4 29 5 77 6 85 7 88 8 44 9 91 10 78 11 77 12 75 13 90 14 17 15 29 16 70 17 77 18 83 19 28 
0 6 1 6 2 45 3 80 4 91 5 67 6 13 7 33 8 67 9 9 10 70 11 38 12 29 13 99 14 22 15 40 16 28 17 31 18 26 19 51 
0 84 1 25 2 55 3 98 4 39 5 17 6 62 7 71 8 72 9 50 10 73 11 21 12 74 13 75 14 33 15 94 16 4 17 35 18 100 19 38 
0 20 1 17 2 97 3 83 4 91 5 22 6 1 7 85 8 7 9 82 10 14 11 96 12 66 13 30 14 46 15 19 16 32 17 91 18 65 19 91 
0 12 1 45 2 62 3 31 4 48 5 20 6 67 7 93 8 93 9 37 10 33 11 6 12 49 13 13 14 62 15 96 16 18 17 23 18 19 19 1 
0 73 1 43 2 54 3 97 4 65 5 2 6 36 7 95 8 52 9 12 10 13 11 69 12 44 13 29 14 25 15 94 16 73 17 13 18 66 19 78 
0 43 1 1 2 5 3 30 4 49 5 12 6 80 7 85 8 99 9 18 10 51 11 52 12 98 13 53 14 2 15 85 16 7 17 26 18 90 19 65 
0 39 1 71 2 6 3 58 4 5 5 51 6 98 7 72 8 56 9 98 10 99 11 29 12 98 13 67 14 66 15 13 16 72 17 65 18 49 19 29 
0 41 1 10 2 60 3 93 4 5 5 4 6 13 7 55 8 74 9 18 10 8 11 62 12 9 13 37 14 33 15 48 16 10 17 84 18 17 19 7 
