50 6
0 58 1 85 2 44 3 5 4 71 5 98 
0 30 1 57 2 69 3 27 4 65 5 92 
0 22 1 43 2 26 3 75 4 70 5 100 
0 71 1 90 2 52 3 39 4 34 5 41 
0 12 1 8 2 9 3 91 4 97 5 72 
0 29 1 25 2 61 3 72 4 34 5 62 
0 90 1 45 2 4 3 22 4 85 5 26 
0 88 1 12 2 59 3 41 4 30 5 14 
0 34 1 15 2 24 3 48 4 76 5 73 
0 55 1 57 2 87 3 79 4 78 5 12 
0 11 1 97 2 37 3 97 4 8 5 95 
0 96 1 3 2 100 3 77 4 75 5 18 
0 84 1 61 2 58 3 68 4 78 5 47 
0 26 1 35 2 57 3 48 4 2 5 65 
0 71 1 55 2 77 3 48 4 53 5 22 
0 20 1 78 2 63 3 33 4 8 5 83 
0 9 1 49 2 60 3 54 4 26 5 81 
0 66 1 4 2 20 3 40 4 50 5 40 
0 7 1 15 2 36 3 60 4 69 5 81 
0 17 1 63 2 60 3 39 4 16 5 42 
0 55 1 56 2 1 3 66 4 91 5 72 
0 26 1 95 2 57 3 77 4 14 5 56 
0 84 1 69 2 93 3 65 4 66 5 40 
0 17 1 64 2 49 3 37 4 1 5 62 
0 89 1 56 2 59 3 72 4 29 5 57 
0 55 1 82 2 51 3 96 4 99 5 65 
0 79 1 71 2 38 3 70 4 38 5 14 
0 9 1 48 2 49 3 52 4 79 5 96 
0 11 1 29 2 84 3 3 4 7 5 62 
0 19 1 89 2 57 3 78 4 69 5 14 
0 4 1 54 2 8 3 87 4 62 5 78 
0 8 1 87 2 77 3 12 4 83 5 64 
0 6 1 40 2 24 3 85 4 74 5 7 
0 58 1 19 2 44 3 29 4 34 5 82 
0 77 1 44 2 79 3 17 4 78 5 22 
0 18 1 91 2 59 3 51 4 13 5 37 
0 97 1 87 2 10 3 31 4 58 5 32 
0 23 1 56 2 71 3 87 4 65 5 100 
0 82 1 90 2 50 3 96 4 87 5 19 
0 89 1 86 2 2 3 54 4 3 5 92 
0 29 1 77 2 8 3 94 4 11 5 56 
0 45 1 35 2 14 3 74 4 39 5 99 
0 36 1 76 2 31 3 65 4 46 5 52 
0 88 1 59 2 85 3 72 4 20 5 50 
0 8 1 70 2 92 3 61 4 7 5 43 
0 19 1 86 2 63 3 34 4 46 5 44 
0 36 1 61 2 10 3 5 4 21 5 31 
0 62 1 16 2 95 3 39 4 81 5 43 
0 27 1 19 2 93 3 7 4 99 5 99 
0 26 1 23 2 51 3 17 4 67 5 2 
