50 19
0 90 1 83 2 55 3 75 4 15 5 95 6 11 7 39 8 26 9 51 10 76 11 27 12 50 13 5 14 35 15 64 16 33 17 62 18 59 
0 69 1 27 2 43 3 18 4 29 5 72 6 19 7 32 8 63 9 49 10 73 11 83 12 18 13 11 14 46 15 12 16 74 17 63 18 84 
0 39 1 91 2 30 3 98 4 11 5 56 6 40 7 92 8 40 9 70 10 94 11 8 12 84 13 36 14 97 15 77 16 12 17 53 18 72 
0 71 1 76 2 48 3 73 4 78 5 74 6 85 7 53 8 85 9 51 10 36 11 15 12 38 13 9 14 25 15 34 16 68 17 65 18 95 
0 51 1 95 2 30 3 71 4 42 5 56 6 40 7 52 8 63 9 8 10 83 11 4 12 9 13 19 14 99 15 6 16 39 17 39 18 56 
0 59 1 33 2 91 3 74 4 94 5 54 6 98 7 64 8 62 9 85 10 84 11 76 12 56 13 60 14 25 15 38 16 87 17 18 18 25 
0 14 1 80 2 96 3 30 4 56 5 74 6 35 7 82 8 13 9 97 10 25 11 97 12 18 13 21 14 60 15 59 16 5 17 25 18 10 
0 12 1 98 2 21 3 96 4 95 5 1 6 13 7 30 8 57 9 4 10 28 11 36 12 53 13 31 14 50 15 37 16 35 17 95 18 87 
0 18 1 22 2 76 3 49 4 7 5 76 6 97 7 80 8 10 9 80 10 59 11 16 12 63 13 10 14 41 15 18 16 17 17 86 18 93 
0 80 1 52 2 86 3 33 4 67 5 41 6 56 7 45 8 32 9 45 10 56 11 40 12 100 13 19 14 97 15 71 16 80 17 88 18 63 
0 27 1 27 2 68 3 52 4 49 5 88 6 27 7 8 8 21 9 98 10 26 11 46 12 37 13 88 14 60 15 84 16 38 17 81 18 85 
0 17 1 38 2 33 3 14 4 61 5 88 6 93 7 92 8 78 9 14 10 54 11 4 12 37 13 72 14 86 15 84 16 21 17 83 18 42 
0 87 1 17 2 5 3 7 4 85 5 8 6 8 7 3 8 36 9 71 10 42 11 48 12 21 13 85 14 3 15 50 16 13 17 5 18 44 
0 81 1 78 2 56 3 16 4 36 5 24 6 26 7 10 8 89 9 64 10 47 11 24 12 19 13 51 14 27 15 61 16 28 17 27 18 66 
0 59 1 47 2 78 3 76 4 53 5 83 6 74 7 75 8 30 9 26 10 10 11 23 12 43 13 43 14 67 15 19 16 79 17 81 18 78 
0 46 1 94 2 97 3 31 4 57 5 76 6 55 7 23 8 44 9 28 10 78 11 73 12 15 13 56 14 70 15 35 16 59 17 6 18 61 
0 47 1 2 2 48 3 87 4 46 5 16 6 72 7 71 8 30 9 89 10 82 11 81 12 46 13 25 14 69 15 67 16 10 17 24 18 37 
0 3 1 31 2 22 3 97 4 85 5 84 6 43 7 86 8 1 9 76 10 33 11 49 12 53 13 26 14 40 15 31 16 21 17 72 18 99 
0 43 1 19 2 15 3 83 4 81 5 5 6 91 7 8 8 51 9 28 10 31 11 55 12 84 13 70 14 66 15 6 16 83 17 71 18 68 
0 35 1 5 2 91 3 54 4 17 5 30 6 54 7 91 8 10 9 68 10 2 11 57 12 5 13 6 14 13 15 48 16 82 17 76 18 31 
0 40 1 71 2 2 3 36 4 16 5 75 6 91 7 91 8 20 9 65 10 35 11 4 12 99 13 54 14 11 15 99 16 25 17 45 18 50 
0 78 1 88 2 26 3 84 4 26 5 8 6 81 7 86 8 83 9 50 10 65 11 65 12 96 13 100 14 19 15 64 16 46 17 26 18 51 
0 82 1 21 2 39 3 14 4 16 5 49 6 90 7 35 8 65 9 79 10 56 11 25 12 64 13 19 14 39 15 48 16 59 17 83 18 63 
0 97 1 90 2 53 3 48 4 82 5 46 6 8 7 21 8 26 9 53 10 30 11 72 12 46 13 19 14 66 15 91 16 72 17 43 18 93 
0 57 1 61 2 93 3 39 4 69 5 46 6 64 7 18 8 47 9 76 10 87 11 22 12 44 13 10 14 29 15 10 16 39 17 42 18 16 
0 20 1 77 2 28 3 26 4 6 5 41 6 37 7 9 8 46 9 70 10 65 11 48 12 14 13 76 14 31 15 80 16 21 17 4 18 13 
0 17 1 43 2 60 3 4 4 51 5 69 6 7 7 49 8 18 9 47 10 10 11 39 12 95 13 25 14 66 15 61 16 84 17 94 18 29 
0 60 1 39 2 1 3 68 4 49 5 27 6 8 7 27 8 38 9 73 10 5 11 4 12 22 13 27 14 23 15 8 16 18 17 3 18 99 
0 22 1 1 2 42 3 23 4 75 5 37 6 24 7 45 8 11 9 27 10 3 11 56 12 88 13 16 14 98 15 26 16 65 17 75 18 44 
0 10 1 79 2 72 3 70 4 24 5 80 6 86 7 9 8 83 9 74 10 14 11 92 12 55 13 16 14 88 15 94 16 97 17 75 18 68 
0 65 1 57 2 45 3 70 4 54 5 34 6 86 7 49 8 71 9 73 10 15 11 32 12 66 13 11 14 14 15 82 16 30 17 45 18 69 
0 51 1 97 2 92 3 43 4 2 5 95 6 7 7 1 8 56 9 72 10 8 11 5 12 41 13 56 14 2 15 68 16 62 17 33 18 10 
0 49 1 10 2 26 3 73 4 74 5 71 6 70 7 69 8 42 9 58 10 12 11 31 12 43 13 52 14 87 15 65 16 54 17 12 18 96 
0 86 1 1 2 100 3 81 4 86 5 72 6 30 7 24 8 27 9 43 10 61 11 79 12 12 13 9 14 76 15 85 16 68 17 22 18 100 
0 31 1 63 2 14 3 88 4 99 5 100 6 98 7 38 8 19 9 62 10 1 11 66 12 70 13 72 14 13 15 60 16 17 17 18 18 17 
0 4 1 40 2 11 3 3 4 24 5 32 6 94 7 72 8 84 9 16 10 5 11 36 12 28 13 94 14 30 15 34 16 58 17 6 18 80 
0 59 1 33 2 87 3 66 4 26 5 97 6 15 7 36 8 96 9 21 10 68 11 82 12 81 13 87 14 33 15 89 16 99 17 28 18 72 
0 35 1 52 2 23 3 66 4 58 5 37 6 33 7 23 8 89 9 90 10 43 11 34 12 36 13 79 14 21 15 43 16 58 17 100 18 91 
0 25 1 14 2 34 3 93 4 26 5 4 6 31 7 45 8 42 9 66 10 8 11 9 12 90 13 9 14 89 15 81 16 4 17 47 18 25 
0 48 1 57 2 40 3 23 4 3 5 22 6 81 7 96 8 48 9 25 10 4 11 77 12 23 13 87 14 86 15 96 16 59 17 2 18 67 
0 23 1 67 2 76 3 7 4 33 5 41 6 25 7 67 8 49 9 67 10 55 11 82 12 51 13 57 14 78 15 19 16 91 17 63 18 38 
0 62 1 21 2 6 3 40 4 45 5 8 6 40 7 87 8 72 9 41 10 14 11 47 12 89 13 74 14 60 15 55 16 78 17 13 18 78 
0 33 1 92 2 54 3 69 4 55 5 90 6 61 7 38 8 11 9 3 10 83 11 55 12 28 13 7 14 20 15 65 16 65 17 11 18 9 
0 44 1 38 2 23 3 50 4 43 5 77 6 64 7 62 8 37 9 22 10 42 11 13 12 70 13 17 14 29 15 88 16 54 17 91 18 2 
0 94 1 5 2 38 3 73 4 20 5 6 6 91 7 16 8 26 9 44 10 24 11 67 12 28 13 71 14 74 15 33 16 4 17 69 18 82 
0 71 1 96 2 21 3 4 4 100 5 98 6 77 7 78 8 85 9 4 10 54 11 9 12 8 13 92 14 55 15 18 16 97 17 83 18 74 
0 10 1 67 2 14 3 5 4 39 5 84 6 20 7 70 8 91 9 31 10 56 11 21 12 64 13 87 14 77 15 3 16 36 17 100 18 38 
0 20 1 73 2 77 3 73 4 14 5 55 6 96 7 18 8 74 9 25 10 9 11 41 12 53 13 96 14 7 15 6 16 49 17 44 18 99 
0 94 1 30 2 13 3 52 4 6 5 15 6 51 7 8 8 6 9 8 10 34 11 1 12 51 13 49 14 46 15 56 16 41 17 55 18 96 
0 59 1 19 2 5 3 80 4 7 5 65 6 100 7 38 8 46 9 61 10 83 11 44 12 9 13 74 14 91 15 95 16 80 17 85 18 34 
