50 13
0 49 1 34 2 32 3 53 4 93 5 4 6 62 7 30 8 73 9 60 10 33 11 63 12 76 
0 36 1 62 2 4 3 94 4 61 5 18 6 13 7 57 8 59 9 98 10 93 11 43 12 18 
0 32 1 58 2 65 3 23 4 9 5 52 6 7 7 73 8 92 9 82 10 65 11 84 12 63 
0 29 1 69 2 41 3 44 4 23 5 54 6 49 7 51 8 39 9 52 10 2 11 40 12 15 
0 28 1 68 2 6 3 79 4 84 5 74 6 50 7 67 8 28 9 39 10 2 11 44 12 29 
0 33 1 100 2 24 3 32 4 28 5 34 6 88 7 89 8 40 9 28 10 71 11 59 12 57 
0 88 1 100 2 9 3 65 4 51 5 33 6 85 7 76 8 16 9 7 10 4 11 69 12 63 
0 45 1 29 2 47 3 2 4 38 5 65 6 20 7 25 8 65 9 91 10 68 11 45 12 62 
0 78 1 69 2 46 3 88 4 32 5 63 6 6 7 2 8 34 9 43 10 89 11 12 12 5 
0 89 1 45 2 87 3 78 4 77 5 60 6 16 7 67 8 68 9 14 10 4 11 90 12 65 
0 29 1 64 2 50 3 60 4 27 5 83 6 17 7 57 8 38 9 34 10 31 11 60 12 86 
0 18 1 72 2 14 3 59 4 50 5 95 6 36 7 99 8 19 9 73 10 50 11 30 12 66 
0 90 1 70 2 71 3 80 4 84 5 16 6 100 7 12 8 52 9 79 10 4 11 54 12 34 
0 32 1 81 2 87 3 11 4 35 5 63 6 93 7 83 8 3 9 1 10 39 11 97 12 44 
0 86 1 37 2 14 3 54 4 92 5 71 6 19 7 42 8 58 9 63 10 72 11 84 12 94 
0 90 1 60 2 73 3 22 4 83 5 13 6 84 7 40 8 88 9 32 10 54 11 72 12 26 
0 10 1 88 2 46 3 17 4 87 5 95 6 10 7 26 8 14 9 13 10 94 11 92 12 32 
0 57 1 88 2 92 3 85 4 60 5 30 6 40 7 67 8 31 9 34 10 9 11 18 12 30 
0 17 1 100 2 67 3 67 4 20 5 49 6 54 7 62 8 98 9 29 10 80 11 37 12 21 
0 49 1 52 2 19 3 37 4 74 5 83 6 13 7 16 8 12 9 14 10 91 11 11 12 6 
0 48 1 80 2 13 3 37 4 64 5 66 6 36 7 79 8 78 9 76 10 87 11 20 12 76 
0 25 1 15 2 25 3 60 4 64 5 86 6 83 7 47 8 56 9 50 10 24 11 51 12 90 
0 89 1 3 2 10 3 73 4 49 5 32 6 47 7 24 8 89 9 34 10 72 11 1 12 80 
0 22 1 41 2 31 3 34 4 56 5 56 6 90 7 94 8 93 9 31 10 15 11 34 12 36 
0 1 1 50 2 77 3 90 4 71 5 93 6 58 7 52 8 87 9 40 10 79 11 23 12 6 
0 90 1 100 2 49 3 44 4 87 5 38 6 5 7 93 8 80 9 47 10 53 11 61 12 43 
0 62 1 86 2 56 3 27 4 65 5 4 6 38 7 6 8 46 9 60 10 46 11 33 12 97 
0 94 1 99 2 95 3 34 4 8 5 67 6 88 7 19 8 43 9 56 10 72 11 63 12 35 
0 13 1 95 2 90 3 38 4 46 5 14 6 23 7 12 8 88 9 37 10 92 11 20 12 16 
0 77 1 65 2 50 3 23 4 71 5 9 6 62 7 48 8 83 9 86 10 75 11 85 12 44 
0 28 1 95 2 13 3 75 4 38 5 51 6 41 7 100 8 45 9 11 10 42 11 24 12 97 
0 58 1 6 2 68 3 17 4 51 5 85 6 87 7 16 8 44 9 55 10 7 11 31 12 85 
0 17 1 13 2 100 3 27 4 6 5 5 6 3 7 60 8 90 9 100 10 10 11 11 12 73 
0 85 1 72 2 83 3 78 4 37 5 47 6 64 7 23 8 52 9 82 10 34 11 49 12 8 
0 64 1 21 2 17 3 30 4 73 5 21 6 92 7 4 8 71 9 16 10 55 11 95 12 86 
0 6 1 42 2 33 3 3 4 1 5 83 6 68 7 68 8 83 9 75 10 37 11 40 12 99 
0 49 1 43 2 76 3 59 4 53 5 47 6 29 7 25 8 83 9 30 10 30 11 67 12 34 
0 70 1 27 2 58 3 52 4 11 5 15 6 3 7 91 8 69 9 24 10 57 11 17 12 3 
0 81 1 16 2 7 3 90 4 73 5 66 6 75 7 68 8 81 9 9 10 66 11 60 12 10 
0 31 1 57 2 40 3 56 4 6 5 37 6 87 7 54 8 52 9 1 10 92 11 86 12 70 
0 61 1 14 2 10 3 92 4 15 5 89 6 11 7 35 8 72 9 54 10 5 11 70 12 96 
0 5 1 42 2 15 3 100 4 92 5 16 6 4 7 58 8 15 9 92 10 29 11 21 12 51 
0 46 1 55 2 90 3 90 4 41 5 17 6 31 7 19 8 56 9 55 10 80 11 77 12 45 
0 55 1 62 2 48 3 61 4 45 5 31 6 4 7 74 8 60 9 36 10 14 11 84 12 52 
0 97 1 59 2 16 3 92 4 43 5 66 6 82 7 16 8 14 9 22 10 33 11 33 12 1 
0 48 1 28 2 13 3 61 4 11 5 63 6 62 7 51 8 33 9 26 10 70 11 17 12 21 
0 92 1 32 2 89 3 57 4 68 5 7 6 65 7 81 8 66 9 78 10 32 11 17 12 13 
0 86 1 34 2 25 3 31 4 53 5 14 6 8 7 2 8 61 9 82 10 1 11 51 12 76 
0 90 1 32 2 19 3 71 4 90 5 55 6 62 7 62 8 77 9 43 10 100 11 7 12 99 
0 78 1 63 2 30 3 51 4 7 5 90 6 12 7 96 8 27 9 10 10 87 11 67 12 6 
