50 14
0 45 1 69 2 21 3 36 4 89 5 54 6 71 7 79 8 37 9 28 10 32 11 53 12 92 13 9 
0 36 1 65 2 67 3 50 4 62 5 59 6 68 7 92 8 33 9 86 10 77 11 5 12 98 13 4 
0 18 1 5 2 85 3 71 4 94 5 55 6 19 7 2 8 80 9 69 10 85 11 17 12 22 13 96 
0 31 1 83 2 37 3 76 4 13 5 1 6 96 7 37 8 2 9 71 10 87 11 62 12 47 13 98 
0 46 1 44 2 6 3 39 4 68 5 59 6 76 7 72 8 34 9 30 10 9 11 94 12 2 13 42 
0 42 1 56 2 92 3 70 4 11 5 24 6 55 7 81 8 47 9 94 10 59 11 6 12 25 13 19 
0 20 1 65 2 23 3 2 4 58 5 84 6 22 7 85 8 58 9 78 10 34 11 74 12 44 13 36 
0 60 1 39 2 63 3 89 4 66 5 85 6 17 7 86 8 30 9 4 10 65 11 78 12 86 13 69 
0 66 1 93 2 68 3 13 4 73 5 67 6 29 7 97 8 68 9 80 10 41 11 81 12 10 13 82 
0 65 1 87 2 54 3 51 4 38 5 96 6 83 7 81 8 3 9 4 10 27 11 11 12 62 13 90 
0 43 1 97 2 33 3 12 4 21 5 27 6 73 7 96 8 73 9 19 10 30 11 1 12 24 13 19 
0 63 1 46 2 41 3 16 4 34 5 84 6 78 7 87 8 83 9 75 10 26 11 21 12 8 13 13 
0 77 1 74 2 98 3 57 4 80 5 87 6 86 7 6 8 30 9 89 10 35 11 18 12 7 13 13 
0 79 1 39 2 8 3 50 4 17 5 42 6 58 7 57 8 68 9 57 10 66 11 70 12 100 13 21 
0 63 1 83 2 29 3 61 4 77 5 83 6 64 7 61 8 76 9 20 10 99 11 67 12 60 13 48 
0 8 1 95 2 87 3 93 4 40 5 20 6 80 7 39 8 91 9 65 10 61 11 83 12 77 13 75 
0 19 1 2 2 35 3 53 4 69 5 23 6 2 7 26 8 29 9 92 10 78 11 60 12 97 13 32 
0 45 1 49 2 99 3 62 4 18 5 30 6 81 7 36 8 92 9 88 10 40 11 54 12 21 13 93 
0 17 1 77 2 88 3 100 4 67 5 79 6 38 7 82 8 10 9 91 10 55 11 5 12 66 13 87 
0 26 1 79 2 44 3 1 4 16 5 99 6 97 7 100 8 70 9 2 10 58 11 3 12 14 13 97 
0 52 1 87 2 20 3 6 4 6 5 72 6 42 7 14 8 16 9 83 10 1 11 50 12 26 13 62 
0 69 1 96 2 87 3 23 4 36 5 4 6 45 7 8 8 19 9 20 10 49 11 37 12 83 13 6 
0 10 1 77 2 42 3 25 4 50 5 74 6 58 7 21 8 56 9 50 10 58 11 4 12 30 13 5 
0 35 1 43 2 9 3 43 4 11 5 15 6 18 7 63 8 35 9 74 10 27 11 12 12 73 13 84 
0 55 1 69 2 57 3 67 4 11 5 41 6 50 7 23 8 38 9 39 10 19 11 13 12 50 13 30 
0 92 1 4 2 7 3 28 4 80 5 73 6 77 7 6 8 72 9 48 10 70 11 31 12 68 13 51 
0 2 1 21 2 92 3 77 4 8 5 46 6 88 7 36 8 83 9 39 10 12 11 55 12 21 13 83 
0 62 1 23 2 70 3 14 4 60 5 34 6 15 7 24 8 24 9 91 10 98 11 16 12 7 13 42 
0 80 1 43 2 29 3 79 4 83 5 15 6 47 7 11 8 22 9 6 10 43 11 39 12 93 13 56 
0 25 1 27 2 47 3 3 4 79 5 55 6 82 7 75 8 68 9 87 10 80 11 27 12 87 13 95 
0 37 1 35 2 3 3 19 4 26 5 60 6 65 7 67 8 93 9 21 10 7 11 65 12 85 13 55 
0 90 1 43 2 85 3 20 4 74 5 87 6 43 7 97 8 95 9 57 10 12 11 71 12 21 13 84 
0 86 1 89 2 35 3 19 4 85 5 49 6 23 7 19 8 85 9 5 10 96 11 90 12 100 13 81 
0 60 1 38 2 48 3 3 4 44 5 44 6 71 7 48 8 70 9 93 10 53 11 51 12 78 13 21 
0 36 1 66 2 72 3 45 4 23 5 58 6 65 7 14 8 71 9 58 10 33 11 72 12 30 13 84 
0 83 1 24 2 9 3 76 4 74 5 69 6 96 7 10 8 92 9 66 10 9 11 97 12 86 13 3 
0 1 1 13 2 64 3 84 4 88 5 48 6 52 7 77 8 60 9 21 10 68 11 18 12 6 13 47 
0 78 1 95 2 74 3 89 4 50 5 78 6 93 7 62 8 95 9 30 10 63 11 15 12 97 13 59 
0 72 1 77 2 85 3 36 4 15 5 48 6 8 7 86 8 39 9 2 10 85 11 95 12 97 13 10 
0 53 1 16 2 84 3 18 4 40 5 24 6 4 7 83 8 62 9 70 10 17 11 20 12 1 13 35 
0 16 1 25 2 55 3 6 4 85 5 98 6 65 7 38 8 63 9 39 10 95 11 48 12 97 13 29 
0 87 1 7 2 67 3 51 4 70 5 15 6 34 7 16 8 84 9 77 10 41 11 41 12 27 13 49 
0 88 1 65 2 85 3 6 4 32 5 31 6 50 7 65 8 34 9 32 10 33 11 25 12 27 13 17 
0 54 1 79 2 28 3 90 4 9 5 29 6 11 7 22 8 73 9 17 10 35 11 90 12 66 13 66 
0 95 1 66 2 30 3 50 4 20 5 66 6 72 7 51 8 39 9 59 10 14 11 63 12 65 13 27 
0 31 1 31 2 21 3 13 4 6 5 98 6 39 7 21 8 44 9 21 10 27 11 99 12 81 13 32 
0 92 1 47 2 26 3 33 4 100 5 13 6 11 7 14 8 11 9 66 10 70 11 18 12 91 13 83 
0 26 1 24 2 3 3 43 4 62 5 21 6 8 7 55 8 67 9 31 10 83 11 26 12 63 13 17 
0 27 1 86 2 47 3 98 4 93 5 46 6 6 7 36 8 2 9 42 10 67 11 23 12 74 13 55 
0 20 1 9 2 67 3 68 4 61 5 48 6 32 7 32 8 77 9 25 10 6 11 14 12 11 13 49 
