50 11
0 41 1 34 2 73 3 16 4 79 5 11 6 26 7 94 8 81 9 20 10 28 
0 82 1 52 2 68 3 40 4 86 5 99 6 44 7 81 8 73 9 81 10 58 
0 16 1 3 2 86 3 29 4 75 5 25 6 39 7 88 8 42 9 61 10 95 
0 90 1 78 2 5 3 61 4 54 5 37 6 99 7 30 8 47 9 96 10 34 
0 69 1 58 2 44 3 91 4 70 5 11 6 78 7 6 8 20 9 87 10 91 
0 37 1 96 2 90 3 50 4 90 5 78 6 30 7 77 8 48 9 89 10 73 
0 84 1 95 2 21 3 94 4 55 5 81 6 89 7 77 8 82 9 46 10 84 
0 78 1 54 2 42 3 56 4 72 5 61 6 27 7 72 8 59 9 62 10 56 
0 48 1 72 2 91 3 85 4 99 5 80 6 37 7 86 8 27 9 78 10 75 
0 51 1 83 2 59 3 18 4 49 5 19 6 19 7 93 8 95 9 75 10 59 
0 88 1 95 2 98 3 73 4 56 5 59 6 9 7 63 8 50 9 65 10 69 
0 27 1 54 2 24 3 47 4 31 5 10 6 78 7 32 8 13 9 97 10 5 
0 21 1 17 2 98 3 81 4 62 5 73 6 38 7 50 8 59 9 38 10 12 
0 78 1 55 2 2 3 13 4 17 5 100 6 53 7 66 8 36 9 23 10 60 
0 77 1 32 2 84 3 93 4 69 5 2 6 94 7 56 8 65 9 60 10 20 
0 33 1 40 2 90 3 12 4 15 5 49 6 97 7 63 8 82 9 91 10 14 
0 10 1 64 2 79 3 80 4 5 5 69 6 65 7 85 8 82 9 50 10 32 
0 17 1 74 2 86 3 70 4 35 5 10 6 65 7 13 8 16 9 7 10 29 
0 36 1 78 2 42 3 93 4 12 5 46 6 70 7 53 8 6 9 60 10 85 
0 24 1 51 2 73 3 51 4 15 5 46 6 14 7 54 8 89 9 20 10 35 
0 76 1 58 2 77 3 94 4 49 5 26 6 44 7 40 8 24 9 78 10 86 
0 31 1 32 2 78 3 71 4 87 5 52 6 45 7 60 8 17 9 1 10 30 
0 26 1 7 2 94 3 8 4 14 5 9 6 18 7 24 8 15 9 59 10 75 
0 53 1 15 2 10 3 17 4 71 5 33 6 64 7 70 8 46 9 33 10 47 
0 28 1 89 2 48 3 61 4 32 5 20 6 37 7 40 8 1 9 53 10 61 
0 50 1 94 2 40 3 84 4 12 5 32 6 65 7 66 8 20 9 98 10 53 
0 82 1 75 2 6 3 11 4 18 5 43 6 10 7 75 8 96 9 60 10 6 
0 44 1 74 2 47 3 15 4 5 5 21 6 56 7 93 8 58 9 79 10 81 
0 12 1 17 2 63 3 77 4 63 5 70 6 29 7 44 8 4 9 71 10 21 
0 50 1 68 2 42 3 50 4 61 5 23 6 83 7 87 8 99 9 25 10 79 
0 27 1 41 2 35 3 14 4 83 5 95 6 37 7 6 8 85 9 72 10 66 
0 61 1 32 2 82 3 9 4 10 5 9 6 28 7 26 8 66 9 16 10 23 
0 13 1 6 2 14 3 26 4 58 5 26 6 28 7 75 8 92 9 61 10 73 
0 5 1 38 2 46 3 35 4 21 5 17 6 98 7 41 8 13 9 82 10 25 
0 38 1 1 2 22 3 77 4 36 5 15 6 38 7 82 8 53 9 27 10 83 
0 26 1 47 2 76 3 7 4 77 5 18 6 95 7 63 8 31 9 45 10 34 
0 91 1 42 2 70 3 41 4 20 5 71 6 10 7 91 8 26 9 22 10 91 
0 43 1 18 2 24 3 55 4 59 5 94 6 59 7 72 8 16 9 95 10 82 
0 44 1 85 2 1 3 53 4 86 5 12 6 80 7 2 8 89 9 66 10 30 
0 56 1 83 2 75 3 99 4 50 5 38 6 58 7 56 8 68 9 25 10 24 
0 41 1 56 2 1 3 20 4 67 5 25 6 75 7 53 8 56 9 28 10 50 
0 28 1 29 2 65 3 100 4 52 5 18 6 62 7 26 8 94 9 10 10 5 
0 28 1 87 2 54 3 99 4 79 5 27 6 11 7 38 8 36 9 99 10 20 
0 30 1 43 2 77 3 93 4 42 5 90 6 91 7 10 8 72 9 76 10 75 
0 41 1 89 2 61 3 69 4 17 5 61 6 75 7 50 8 48 9 40 10 100 
0 21 1 6 2 93 3 52 4 53 5 80 6 52 7 32 8 41 9 4 10 43 
0 46 1 97 2 74 3 97 4 86 5 16 6 88 7 11 8 32 9 5 10 50 
0 95 1 7 2 56 3 82 4 44 5 66 6 14 7 13 8 71 9 38 10 56 
0 18 1 70 2 53 3 55 4 97 5 59 6 96 7 67 8 30 9 60 10 79 
0 95 1 48 2 73 3 54 4 33 5 45 6 39 7 14 8 64 9 60 10 79 
