50 2
0 19 1 36 
0 24 1 63 
0 96 1 82 
0 64 1 55 
0 71 1 26 
0 10 1 92 
0 27 1 16 
0 2 1 55 
0 54 1 56 
0 91 1 65 
0 59 1 87 
0 59 1 90 
0 92 1 1 
0 75 1 88 
0 19 1 83 
0 40 1 9 
0 68 1 55 
0 38 1 8 
0 15 1 93 
0 70 1 22 
0 59 1 76 
0 4 1 94 
0 23 1 31 
0 25 1 4 
0 6 1 70 
0 15 1 1 
0 34 1 9 
0 23 1 68 
0 7 1 82 
0 53 1 76 
0 87 1 46 
0 48 1 19 
0 28 1 63 
0 13 1 28 
0 64 1 37 
0 91 1 55 
0 46 1 34 
0 37 1 7 
0 95 1 97 
0 71 1 76 
0 61 1 68 
0 62 1 23 
0 81 1 75 
0 88 1 100 
0 62 1 71 
0 73 1 4 
0 80 1 10 
0 42 1 72 
0 41 1 37 
0 35 1 62 
