50 10
0 7 1 70 2 52 3 73 4 2 5 18 6 8 7 68 8 47 9 43 
0 90 1 50 2 11 3 22 4 36 5 9 6 95 7 6 8 89 9 14 
0 31 1 50 2 1 3 89 4 65 5 96 6 89 7 74 8 71 9 94 
0 60 1 56 2 86 3 54 4 67 5 97 6 58 7 10 8 92 9 43 
0 21 1 94 2 50 3 1 4 16 5 90 6 12 7 29 8 66 9 67 
0 27 1 32 2 26 3 81 4 61 5 52 6 60 7 91 8 75 9 18 
0 75 1 36 2 49 3 10 4 30 5 39 6 76 7 32 8 15 9 52 
0 8 1 46 2 52 3 28 4 40 5 83 6 74 7 5 8 23 9 64 
0 93 1 96 2 48 3 87 4 88 5 62 6 84 7 11 8 49 9 73 
0 10 1 77 2 99 3 79 4 76 5 1 6 35 7 9 8 34 9 26 
0 43 1 8 2 10 3 81 4 28 5 5 6 11 7 59 8 95 9 17 
0 38 1 76 2 41 3 97 4 70 5 45 6 74 7 21 8 52 9 59 
0 20 1 55 2 25 3 74 4 9 5 80 6 96 7 1 8 99 9 37 
0 43 1 43 2 81 3 86 4 48 5 65 6 77 7 46 8 59 9 16 
0 55 1 61 2 70 3 27 4 59 5 62 6 34 7 70 8 78 9 65 
0 80 1 60 2 98 3 37 4 28 5 31 6 47 7 48 8 48 9 87 
0 69 1 77 2 55 3 77 4 23 5 79 6 60 7 33 8 25 9 35 
0 78 1 74 2 73 3 26 4 10 5 82 6 63 7 100 8 31 9 19 
0 51 1 73 2 83 3 9 4 58 5 90 6 1 7 97 8 35 9 48 
0 91 1 3 2 69 3 9 4 63 5 15 6 38 7 28 8 54 9 92 
0 57 1 42 2 84 3 89 4 48 5 89 6 68 7 97 8 53 9 1 
0 67 1 87 2 52 3 51 4 50 5 69 6 12 7 57 8 39 9 39 
0 37 1 7 2 69 3 16 4 69 5 68 6 32 7 22 8 32 9 87 
0 46 1 27 2 30 3 24 4 89 5 54 6 94 7 86 8 23 9 10 
0 87 1 26 2 76 3 50 4 12 5 90 6 59 7 25 8 99 9 23 
0 31 1 78 2 79 3 23 4 81 5 24 6 60 7 77 8 96 9 69 
0 66 1 39 2 29 3 11 4 49 5 73 6 27 7 43 8 86 9 5 
0 78 1 75 2 14 3 70 4 16 5 69 6 90 7 98 8 78 9 2 
0 15 1 7 2 7 3 7 4 31 5 67 6 33 7 68 8 47 9 9 
0 10 1 23 2 48 3 37 4 19 5 21 6 13 7 100 8 72 9 36 
0 70 1 54 2 26 3 58 4 83 5 81 6 27 7 33 8 79 9 85 
0 78 1 36 2 84 3 99 4 84 5 81 6 93 7 81 8 93 9 12 
0 98 1 18 2 74 3 28 4 62 5 70 6 6 7 1 8 1 9 26 
0 17 1 99 2 87 3 73 4 22 5 24 6 52 7 67 8 91 9 100 
0 42 1 72 2 47 3 36 4 75 5 18 6 70 7 37 8 85 9 51 
0 19 1 58 2 3 3 28 4 12 5 2 6 57 7 29 8 66 9 19 
0 75 1 76 2 79 3 29 4 44 5 52 6 68 7 48 8 39 9 99 
0 3 1 12 2 59 3 35 4 70 5 98 6 20 7 79 8 52 9 90 
0 89 1 82 2 34 3 58 4 77 5 92 6 100 7 58 8 21 9 58 
0 81 1 85 2 30 3 37 4 58 5 92 6 91 7 24 8 16 9 64 
0 35 1 67 2 82 3 15 4 61 5 82 6 49 7 5 8 97 9 100 
0 91 1 8 2 74 3 15 4 37 5 16 6 12 7 98 8 15 9 84 
0 14 1 50 2 3 3 5 4 80 5 63 6 97 7 79 8 63 9 11 
0 21 1 8 2 13 3 49 4 41 5 36 6 86 7 84 8 67 9 25 
0 31 1 19 2 41 3 42 4 90 5 27 6 84 7 34 8 75 9 97 
0 30 1 21 2 30 3 50 4 93 5 44 6 35 7 5 8 2 9 38 
0 55 1 88 2 51 3 18 4 58 5 77 6 7 7 22 8 26 9 72 
0 91 1 76 2 67 3 79 4 70 5 37 6 36 7 22 8 67 9 10 
0 21 1 97 2 54 3 13 4 69 5 81 6 1 7 11 8 89 9 88 
0 82 1 87 2 96 3 50 4 78 5 79 6 17 7 67 8 42 9 67 
