50 3
0 93 1 10 2 51 
0 46 1 65 2 31 
0 44 1 27 2 95 
0 69 1 66 2 67 
0 83 1 81 2 75 
0 69 1 88 2 95 
0 45 1 63 2 79 
0 17 1 48 2 21 
0 56 1 95 2 67 
0 56 1 5 2 1 
0 72 1 66 2 88 
0 8 1 72 2 36 
0 94 1 12 2 26 
0 65 1 87 2 31 
0 59 1 79 2 4 
0 56 1 88 2 90 
0 59 1 19 2 83 
0 75 1 85 2 58 
0 87 1 93 2 9 
0 98 1 79 2 56 
0 53 1 96 2 44 
0 62 1 28 2 16 
0 40 1 56 2 59 
0 98 1 90 2 58 
0 37 1 31 2 65 
0 4 1 64 2 50 
0 86 1 56 2 34 
0 46 1 83 2 75 
0 46 1 22 2 49 
0 48 1 47 2 2 
0 32 1 86 2 87 
0 60 1 15 2 12 
0 67 1 77 2 41 
0 58 1 11 2 90 
0 67 1 83 2 98 
0 43 1 4 2 17 
0 20 1 33 2 27 
0 96 1 75 2 14 
0 15 1 50 2 75 
0 11 1 68 2 71 
0 26 1 97 2 16 
0 53 1 99 2 6 
0 73 1 97 2 46 
0 49 1 90 2 91 
0 99 1 23 2 58 
0 17 1 74 2 19 
0 65 1 25 2 5 
0 1 1 5 2 6 
0 41 1 97 2 95 
0 13 1 58 2 40 
