50 11
0 74 1 68 2 68 3 23 4 59 5 12 6 33 7 93 8 66 9 52 10 66 
0 61 1 31 2 24 3 79 4 16 5 62 6 32 7 12 8 100 9 98 10 87 
0 72 1 18 2 37 3 38 4 100 5 11 6 27 7 97 8 13 9 45 10 37 
0 15 1 24 2 90 3 93 4 42 5 34 6 96 7 66 8 69 9 100 10 22 
0 37 1 64 2 1 3 13 4 27 5 59 6 62 7 30 8 51 9 94 10 84 
0 76 1 45 2 94 3 3 4 61 5 47 6 85 7 86 8 85 9 94 10 77 
0 12 1 61 2 74 3 18 4 70 5 96 6 67 7 60 8 80 9 80 10 22 
0 67 1 4 2 36 3 51 4 19 5 31 6 14 7 72 8 24 9 81 10 13 
0 57 1 44 2 48 3 70 4 82 5 66 6 20 7 51 8 83 9 88 10 17 
0 33 1 59 2 95 3 79 4 69 5 65 6 22 7 81 8 43 9 84 10 100 
0 68 1 13 2 67 3 89 4 74 5 26 6 55 7 88 8 49 9 42 10 34 
0 68 1 2 2 38 3 74 4 84 5 57 6 56 7 87 8 66 9 37 10 25 
0 74 1 34 2 89 3 6 4 6 5 85 6 82 7 38 8 91 9 50 10 49 
0 93 1 67 2 59 3 8 4 36 5 54 6 76 7 84 8 100 9 59 10 50 
0 100 1 93 2 24 3 55 4 97 5 52 6 44 7 70 8 56 9 90 10 19 
0 49 1 30 2 71 3 55 4 54 5 98 6 28 7 86 8 85 9 80 10 44 
0 43 1 99 2 11 3 50 4 94 5 63 6 100 7 83 8 54 9 66 10 29 
0 64 1 73 2 48 3 66 4 16 5 22 6 79 7 75 8 54 9 98 10 62 
0 54 1 75 2 78 3 90 4 77 5 17 6 75 7 12 8 27 9 12 10 43 
0 95 1 97 2 11 3 49 4 57 5 12 6 2 7 76 8 2 9 81 10 40 
0 30 1 65 2 65 3 56 4 46 5 22 6 33 7 89 8 23 9 84 10 35 
0 60 1 6 2 26 3 45 4 65 5 67 6 19 7 37 8 38 9 55 10 87 
0 48 1 49 2 10 3 34 4 96 5 12 6 3 7 8 8 20 9 71 10 77 
0 91 1 37 2 50 3 68 4 43 5 71 6 1 7 50 8 98 9 5 10 51 
0 86 1 60 2 71 3 71 4 64 5 15 6 51 7 9 8 28 9 12 10 20 
0 73 1 20 2 15 3 49 4 26 5 80 6 9 7 74 8 66 9 28 10 20 
0 23 1 67 2 79 3 50 4 50 5 98 6 38 7 34 8 53 9 62 10 53 
0 92 1 59 2 36 3 71 4 46 5 27 6 86 7 61 8 76 9 57 10 98 
0 89 1 24 2 71 3 100 4 69 5 65 6 47 7 94 8 45 9 45 10 55 
0 14 1 43 2 80 3 13 4 96 5 25 6 44 7 65 8 62 9 38 10 62 
0 74 1 8 2 26 3 20 4 93 5 55 6 63 7 21 8 34 9 5 10 84 
0 23 1 53 2 73 3 25 4 25 5 69 6 18 7 38 8 45 9 61 10 70 
0 98 1 69 2 95 3 96 4 15 5 83 6 22 7 25 8 57 9 35 10 14 
0 32 1 89 2 51 3 4 4 45 5 93 6 79 7 95 8 39 9 63 10 30 
0 4 1 13 2 62 3 54 4 41 5 13 6 5 7 63 8 32 9 95 10 21 
0 67 1 70 2 67 3 37 4 30 5 21 6 94 7 41 8 71 9 82 10 90 
0 93 1 24 2 80 3 70 4 31 5 34 6 46 7 13 8 64 9 31 10 28 
0 32 1 73 2 79 3 5 4 35 5 85 6 57 7 73 8 43 9 62 10 40 
0 38 1 56 2 11 3 92 4 83 5 68 6 94 7 53 8 2 9 41 10 11 
0 19 1 34 2 70 3 68 4 14 5 17 6 18 7 71 8 91 9 96 10 50 
0 61 1 1 2 59 3 24 4 63 5 64 6 87 7 99 8 72 9 9 10 10 
0 75 1 73 2 98 3 53 4 63 5 22 6 12 7 52 8 41 9 63 10 97 
0 89 1 82 2 32 3 74 4 85 5 45 6 72 7 42 8 67 9 67 10 84 
0 98 1 18 2 24 3 60 4 55 5 19 6 94 7 39 8 18 9 97 10 43 
0 2 1 20 2 31 3 11 4 85 5 85 6 29 7 56 8 32 9 16 10 91 
0 24 1 39 2 43 3 11 4 46 5 96 6 93 7 1 8 95 9 86 10 21 
0 30 1 72 2 93 3 51 4 16 5 77 6 74 7 66 8 34 9 15 10 40 
0 5 1 13 2 22 3 91 4 64 5 12 6 89 7 43 8 80 9 39 10 34 
0 29 1 44 2 14 3 81 4 31 5 49 6 93 7 77 8 1 9 12 10 69 
0 97 1 18 2 89 3 36 4 95 5 18 6 78 7 89 8 86 9 50 10 60 
