50 8
0 60 1 37 2 100 3 64 4 31 5 71 6 96 7 22 
0 24 1 32 2 78 3 36 4 48 5 90 6 4 7 21 
0 39 1 86 2 71 3 74 4 15 5 94 6 81 7 41 
0 35 1 48 2 55 3 26 4 17 5 66 6 58 7 37 
0 50 1 17 2 86 3 36 4 28 5 79 6 68 7 92 
0 2 1 94 2 54 3 84 4 4 5 86 6 41 7 77 
0 34 1 82 2 99 3 81 4 74 5 34 6 39 7 65 
0 87 1 95 2 69 3 37 4 42 5 43 6 67 7 12 
0 10 1 1 2 13 3 29 4 64 5 64 6 12 7 13 
0 74 1 33 2 46 3 42 4 34 5 18 6 99 7 6 
0 95 1 33 2 99 3 63 4 6 5 19 6 20 7 65 
0 76 1 92 2 30 3 21 4 65 5 34 6 71 7 4 
0 95 1 10 2 2 3 95 4 66 5 66 6 25 7 95 
0 23 1 52 2 59 3 40 4 75 5 13 6 93 7 74 
0 95 1 1 2 94 3 69 4 27 5 39 6 39 7 2 
0 79 1 34 2 16 3 77 4 79 5 1 6 30 7 72 
0 42 1 37 2 18 3 44 4 29 5 98 6 40 7 50 
0 48 1 9 2 7 3 33 4 93 5 73 6 36 7 88 
0 62 1 63 2 5 3 96 4 45 5 96 6 93 7 34 
0 41 1 56 2 29 3 29 4 41 5 41 6 20 7 61 
0 17 1 7 2 40 3 76 4 27 5 1 6 11 7 81 
0 92 1 59 2 100 3 4 4 37 5 92 6 92 7 76 
0 24 1 94 2 2 3 8 4 63 5 90 6 76 7 93 
0 41 1 97 2 5 3 76 4 3 5 75 6 3 7 12 
0 58 1 22 2 1 3 97 4 54 5 94 6 95 7 44 
0 27 1 89 2 31 3 81 4 23 5 64 6 64 7 10 
0 95 1 10 2 73 3 50 4 69 5 21 6 34 7 5 
0 16 1 31 2 23 3 14 4 58 5 29 6 49 7 3 
0 66 1 17 2 74 3 59 4 85 5 18 6 5 7 62 
0 25 1 67 2 24 3 100 4 30 5 9 6 4 7 46 
0 19 1 63 2 11 3 18 4 99 5 99 6 32 7 3 
0 37 1 31 2 22 3 35 4 43 5 3 6 41 7 38 
0 73 1 36 2 22 3 27 4 39 5 73 6 50 7 37 
0 2 1 88 2 58 3 30 4 78 5 66 6 81 7 30 
0 54 1 86 2 53 3 95 4 19 5 30 6 63 7 87 
0 17 1 85 2 70 3 54 4 62 5 53 6 67 7 55 
0 25 1 34 2 78 3 24 4 13 5 99 6 22 7 87 
0 87 1 18 2 55 3 94 4 62 5 79 6 45 7 15 
0 95 1 9 2 8 3 78 4 81 5 37 6 11 7 79 
0 78 1 38 2 1 3 7 4 42 5 26 6 34 7 15 
0 52 1 8 2 24 3 100 4 92 5 79 6 96 7 11 
0 63 1 69 2 82 3 1 4 48 5 82 6 49 7 60 
0 21 1 31 2 13 3 80 4 49 5 91 6 28 7 75 
0 5 1 42 2 33 3 14 4 67 5 65 6 84 7 1 
0 74 1 71 2 93 3 76 4 94 5 53 6 35 7 20 
0 34 1 59 2 96 3 40 4 46 5 30 6 4 7 46 
0 69 1 92 2 23 3 44 4 64 5 96 6 37 7 27 
0 35 1 29 2 79 3 41 4 46 5 41 6 96 7 96 
0 84 1 62 2 46 3 22 4 21 5 34 6 62 7 7 
0 34 1 58 2 34 3 93 4 71 5 31 6 9 7 50 
