50 6
0 91 1 78 2 30 3 21 4 27 5 79 
0 3 1 57 2 95 3 28 4 60 5 65 
0 86 1 11 2 12 3 45 4 93 5 38 
0 74 1 27 2 4 3 39 4 48 5 12 
0 96 1 46 2 10 3 79 4 15 5 42 
0 47 1 88 2 48 3 26 4 11 5 3 
0 58 1 78 2 49 3 48 4 51 5 5 
0 31 1 20 2 20 3 8 4 1 5 81 
0 87 1 17 2 75 3 34 4 7 5 93 
0 100 1 43 2 65 3 15 4 9 5 99 
0 74 1 45 2 74 3 67 4 86 5 72 
0 9 1 50 2 76 3 40 4 46 5 59 
0 26 1 40 2 95 3 59 4 74 5 87 
0 76 1 34 2 41 3 83 4 59 5 61 
0 93 1 90 2 79 3 77 4 36 5 58 
0 55 1 32 2 67 3 71 4 67 5 14 
0 24 1 89 2 40 3 43 4 91 5 16 
0 56 1 56 2 31 3 2 4 11 5 58 
0 91 1 85 2 80 3 22 4 100 5 94 
0 25 1 52 2 30 3 12 4 63 5 94 
0 63 1 71 2 56 3 11 4 63 5 24 
0 86 1 42 2 24 3 46 4 31 5 79 
0 64 1 58 2 32 3 77 4 36 5 43 
0 52 1 92 2 69 3 46 4 58 5 79 
0 13 1 81 2 76 3 52 4 34 5 28 
0 3 1 67 2 13 3 60 4 65 5 40 
0 68 1 40 2 46 3 11 4 98 5 27 
0 20 1 38 2 1 3 67 4 48 5 22 
0 45 1 66 2 69 3 31 4 43 5 50 
0 90 1 29 2 99 3 14 4 15 5 95 
0 75 1 25 2 16 3 33 4 70 5 77 
0 24 1 34 2 34 3 76 4 86 5 2 
0 20 1 73 2 84 3 91 4 20 5 93 
0 13 1 90 2 11 3 90 4 28 5 83 
0 84 1 55 2 36 3 72 4 93 5 39 
0 60 1 49 2 99 3 66 4 34 5 75 
0 31 1 29 2 93 3 98 4 42 5 85 
0 66 1 76 2 24 3 94 4 92 5 15 
0 59 1 51 2 33 3 38 4 62 5 86 
0 1 1 60 2 21 3 27 4 42 5 13 
0 5 1 7 2 30 3 99 4 48 5 92 
0 59 1 3 2 24 3 89 4 35 5 42 
0 74 1 2 2 53 3 14 4 80 5 45 
0 41 1 92 2 92 3 84 4 1 5 51 
0 98 1 59 2 36 3 35 4 58 5 8 
0 75 1 100 2 48 3 37 4 55 5 44 
0 29 1 62 2 96 3 11 4 5 5 29 
0 87 1 3 2 5 3 47 4 62 5 46 
0 34 1 76 2 18 3 38 4 42 5 27 
0 93 1 22 2 13 3 7 4 74 5 68 
