50 20
0 58 1 64 2 2 3 49 4 100 5 54 6 89 7 55 8 17 9 50 10 58 11 86 12 79 13 70 14 87 15 15 16 64 17 18 18 53 19 97 
0 27 1 45 2 80 3 18 4 27 5 59 6 85 7 31 8 72 9 25 10 65 11 8 12 33 13 52 14 10 15 35 16 27 17 100 18 44 19 51 
0 34 1 31 2 29 3 84 4 36 5 20 6 86 7 80 8 19 9 9 10 84 11 58 12 98 13 74 14 52 15 44 16 24 17 39 18 97 19 87 
0 85 1 26 2 77 3 66 4 21 5 17 6 81 7 52 8 22 9 12 10 60 11 39 12 55 13 1 14 98 15 39 16 90 17 58 18 5 19 53 
0 5 1 54 2 13 3 99 4 80 5 42 6 81 7 81 8 47 9 8 10 36 11 19 12 93 13 55 14 66 15 100 16 75 17 54 18 35 19 68 
0 10 1 30 2 49 3 31 4 53 5 39 6 53 7 6 8 14 9 8 10 82 11 15 12 69 13 63 14 20 15 40 16 42 17 36 18 49 19 70 
0 54 1 46 2 34 3 8 4 24 5 80 6 63 7 91 8 32 9 65 10 25 11 23 12 67 13 77 14 71 15 71 16 27 17 79 18 10 19 28 
0 15 1 77 2 78 3 88 4 91 5 87 6 20 7 33 8 86 9 49 10 3 11 79 12 64 13 48 14 5 15 86 16 3 17 93 18 4 19 9 
0 43 1 6 2 26 3 49 4 14 5 1 6 15 7 24 8 96 9 81 10 51 11 30 12 40 13 15 14 29 15 29 16 41 17 54 18 42 19 72 
0 7 1 49 2 22 3 91 4 18 5 13 6 43 7 34 8 61 9 72 10 72 11 46 12 34 13 35 14 15 15 28 16 4 17 1 18 59 19 33 
0 52 1 96 2 12 3 38 4 32 5 12 6 89 7 37 8 60 9 21 10 41 11 51 12 63 13 85 14 73 15 15 16 90 17 27 18 39 19 57 
0 57 1 90 2 54 3 72 4 56 5 17 6 93 7 84 8 80 9 92 10 68 11 68 12 86 13 20 14 62 15 54 16 99 17 44 18 53 19 85 
0 54 1 16 2 36 3 6 4 86 5 98 6 45 7 42 8 63 9 22 10 4 11 72 12 65 13 94 14 38 15 25 16 58 17 92 18 38 19 15 
0 73 1 41 2 41 3 78 4 23 5 48 6 12 7 57 8 41 9 100 10 32 11 19 12 59 13 90 14 87 15 30 16 3 17 53 18 40 19 75 
0 88 1 20 2 33 3 19 4 21 5 59 6 2 7 53 8 15 9 33 10 10 11 37 12 49 13 5 14 98 15 21 16 73 17 80 18 55 19 2 
0 27 1 79 2 94 3 66 4 30 5 67 6 17 7 98 8 84 9 84 10 1 11 3 12 36 13 88 14 9 15 76 16 18 17 64 18 36 19 18 
0 4 1 3 2 41 3 69 4 20 5 15 6 78 7 13 8 44 9 90 10 74 11 17 12 9 13 74 14 17 15 34 16 78 17 54 18 99 19 68 
0 95 1 35 2 6 3 6 4 33 5 71 6 19 7 96 8 31 9 19 10 38 11 74 12 45 13 76 14 68 15 68 16 56 17 16 18 95 19 44 
0 80 1 86 2 26 3 92 4 42 5 32 6 61 7 93 8 31 9 56 10 65 11 48 12 3 13 39 14 80 15 41 16 51 17 48 18 36 19 39 
0 22 1 89 2 85 3 45 4 43 5 75 6 82 7 51 8 59 9 31 10 17 11 36 12 18 13 48 14 33 15 51 16 88 17 3 18 48 19 85 
0 45 1 70 2 55 3 22 4 90 5 55 6 85 7 37 8 92 9 65 10 2 11 70 12 82 13 12 14 52 15 17 16 62 17 13 18 78 19 70 
0 67 1 49 2 49 3 76 4 62 5 5 6 56 7 68 8 29 9 88 10 45 11 4 12 70 13 79 14 88 15 71 16 17 17 24 18 12 19 51 
0 90 1 57 2 35 3 97 4 88 5 62 6 60 7 93 8 3 9 27 10 98 11 13 12 62 13 1 14 13 15 97 16 63 17 30 18 37 19 95 
0 29 1 86 2 11 3 79 4 38 5 20 6 89 7 30 8 22 9 84 10 27 11 14 12 50 13 46 14 35 15 72 16 90 17 15 18 24 19 80 
0 21 1 68 2 14 3 40 4 5 5 27 6 26 7 86 8 61 9 78 10 80 11 12 12 58 13 68 14 35 15 10 16 93 17 35 18 90 19 90 
0 60 1 95 2 19 3 97 4 66 5 92 6 2 7 43 8 87 9 94 10 41 11 11 12 54 13 17 14 15 15 83 16 63 17 68 18 51 19 91 
0 53 1 93 2 18 3 74 4 90 5 59 6 72 7 75 8 13 9 37 10 42 11 49 12 55 13 54 14 60 15 27 16 69 17 89 18 7 19 99 
0 67 1 8 2 36 3 93 4 60 5 54 6 11 7 81 8 90 9 94 10 7 11 75 12 33 13 90 14 33 15 80 16 99 17 60 18 29 19 88 
0 32 1 66 2 68 3 1 4 79 5 33 6 36 7 17 8 17 9 46 10 79 11 73 12 5 13 48 14 40 15 85 16 94 17 49 18 37 19 51 
0 34 1 21 2 97 3 26 4 36 5 47 6 45 7 53 8 97 9 61 10 4 11 11 12 50 13 46 14 65 15 17 16 37 17 39 18 26 19 20 
0 74 1 85 2 43 3 83 4 25 5 90 6 47 7 11 8 90 9 97 10 82 11 55 12 36 13 31 14 73 15 95 16 27 17 79 18 97 19 17 
0 64 1 95 2 18 3 54 4 76 5 2 6 89 7 100 8 84 9 1 10 63 11 58 12 91 13 61 14 76 15 16 16 37 17 65 18 19 19 35 
0 58 1 37 2 62 3 95 4 4 5 26 6 29 7 57 8 24 9 25 10 52 11 39 12 69 13 89 14 23 15 31 16 41 17 27 18 49 19 23 
0 44 1 85 2 70 3 34 4 59 5 90 6 41 7 42 8 73 9 33 10 93 11 40 12 36 13 21 14 78 15 27 16 83 17 17 18 99 19 82 
0 39 1 96 2 76 3 4 4 54 5 67 6 35 7 77 8 69 9 2 10 94 11 52 12 2 13 14 14 40 15 26 16 3 17 96 18 35 19 15 
0 32 1 74 2 42 3 61 4 33 5 99 6 62 7 71 8 84 9 92 10 20 11 4 12 77 13 3 14 97 15 67 16 63 17 31 18 14 19 66 
0 26 1 89 2 82 3 98 4 17 5 39 6 83 7 72 8 18 9 64 10 16 11 16 12 2 13 78 14 18 15 17 16 67 17 14 18 37 19 7 
0 20 1 52 2 88 3 2 4 35 5 61 6 13 7 41 8 18 9 81 10 79 11 22 12 30 13 7 14 75 15 18 16 14 17 37 18 65 19 72 
0 49 1 87 2 58 3 45 4 92 5 91 6 60 7 63 8 17 9 13 10 17 11 39 12 93 13 58 14 43 15 56 16 12 17 29 18 25 19 30 
0 80 1 59 2 17 3 23 4 34 5 7 6 80 7 4 8 52 9 6 10 21 11 40 12 77 13 44 14 12 15 35 16 84 17 43 18 36 19 57 
0 42 1 7 2 80 3 36 4 95 5 71 6 86 7 50 8 16 9 31 10 47 11 73 12 56 13 32 14 93 15 10 16 57 17 15 18 61 19 22 
0 13 1 88 2 28 3 70 4 59 5 91 6 10 7 43 8 27 9 31 10 50 11 87 12 13 13 24 14 6 15 32 16 93 17 99 18 57 19 49 
0 46 1 34 2 65 3 69 4 59 5 43 6 29 7 56 8 71 9 94 10 48 11 23 12 35 13 5 14 19 15 70 16 13 17 79 18 22 19 55 
0 16 1 6 2 70 3 96 4 65 5 37 6 56 7 18 8 85 9 81 10 65 11 42 12 70 13 84 14 28 15 21 16 27 17 79 18 46 19 65 
0 35 1 96 2 84 3 72 4 5 5 79 6 86 7 74 8 96 9 34 10 74 11 15 12 23 13 78 14 7 15 24 16 26 17 95 18 76 19 47 
0 59 1 26 2 66 3 98 4 75 5 31 6 97 7 100 8 72 9 63 10 62 11 5 12 19 13 57 14 45 15 38 16 13 17 27 18 63 19 28 
0 6 1 22 2 12 3 36 4 91 5 61 6 40 7 31 8 90 9 85 10 52 11 99 12 27 13 93 14 16 15 49 16 44 17 31 18 33 19 69 
0 20 1 4 2 25 3 62 4 22 5 41 6 23 7 18 8 15 9 85 10 93 11 40 12 32 13 37 14 22 15 33 16 11 17 23 18 38 19 4 
0 57 1 55 2 51 3 6 4 69 5 17 6 5 7 81 8 48 9 55 10 12 11 77 12 32 13 36 14 73 15 54 16 43 17 82 18 75 19 33 
0 8 1 93 2 38 3 71 4 96 5 17 6 86 7 11 8 4 9 71 10 39 11 89 12 68 13 71 14 67 15 47 16 47 17 26 18 98 19 46 
