50 6
0 64 1 78 2 24 3 99 4 72 5 53 
0 2 1 88 2 85 3 32 4 55 5 79 
0 93 1 10 2 16 3 90 4 26 5 34 
0 38 1 41 2 52 3 28 4 81 5 99 
0 54 1 5 2 88 3 74 4 83 5 52 
0 97 1 37 2 74 3 39 4 84 5 39 
0 92 1 90 2 8 3 81 4 88 5 34 
0 68 1 25 2 88 3 51 4 21 5 71 
0 44 1 54 2 44 3 9 4 62 5 77 
0 79 1 60 2 6 3 1 4 80 5 53 
0 4 1 50 2 19 3 62 4 46 5 71 
0 100 1 50 2 16 3 29 4 94 5 31 
0 91 1 16 2 20 3 78 4 97 5 36 
0 18 1 63 2 71 3 64 4 76 5 96 
0 81 1 11 2 1 3 16 4 51 5 51 
0 14 1 40 2 49 3 62 4 46 5 33 
0 3 1 94 2 11 3 68 4 11 5 17 
0 71 1 32 2 3 3 21 4 12 5 85 
0 90 1 75 2 38 3 77 4 69 5 63 
0 86 1 44 2 5 3 99 4 65 5 53 
0 76 1 75 2 45 3 3 4 56 5 29 
0 70 1 81 2 33 3 71 4 54 5 7 
0 14 1 28 2 60 3 45 4 83 5 64 
0 19 1 74 2 79 3 97 4 25 5 31 
0 71 1 57 2 31 3 98 4 16 5 39 
0 14 1 17 2 83 3 32 4 21 5 100 
0 95 1 90 2 62 3 20 4 61 5 74 
0 54 1 2 2 25 3 33 4 72 5 92 
0 3 1 70 2 36 3 22 4 32 5 94 
0 64 1 77 2 92 3 85 4 11 5 77 
0 5 1 46 2 40 3 33 4 73 5 1 
0 18 1 18 2 66 3 23 4 35 5 22 
0 91 1 20 2 93 3 11 4 22 5 85 
0 88 1 91 2 56 3 47 4 26 5 4 
0 31 1 36 2 96 3 42 4 82 5 68 
0 26 1 83 2 65 3 50 4 7 5 18 
0 4 1 17 2 17 3 60 4 2 5 9 
0 54 1 62 2 39 3 54 4 25 5 56 
0 16 1 15 2 56 3 68 4 41 5 27 
0 97 1 81 2 39 3 99 4 73 5 60 
0 23 1 80 2 5 3 85 4 35 5 94 
0 20 1 80 2 51 3 45 4 59 5 10 
0 75 1 29 2 48 3 36 4 47 5 33 
0 77 1 66 2 63 3 88 4 54 5 85 
0 85 1 25 2 19 3 3 4 13 5 67 
0 41 1 96 2 41 3 56 4 82 5 82 
0 99 1 71 2 80 3 44 4 66 5 6 
0 66 1 70 2 36 3 33 4 79 5 76 
0 100 1 14 2 100 3 29 4 51 5 73 
0 1 1 50 2 46 3 97 4 70 5 83 
