50 14
0 88 1 55 2 35 3 59 4 50 5 40 6 8 7 34 8 9 9 38 10 54 11 23 12 93 13 3 
0 21 1 30 2 83 3 52 4 16 5 63 6 42 7 88 8 70 9 77 10 46 11 78 12 51 13 3 
0 88 1 90 2 48 3 100 4 4 5 71 6 14 7 39 8 81 9 66 10 19 11 33 12 84 13 48 
0 2 1 64 2 22 3 60 4 71 5 42 6 71 7 67 8 11 9 49 10 69 11 20 12 59 13 30 
0 69 1 91 2 54 3 51 4 74 5 57 6 77 7 24 8 46 9 43 10 33 11 89 12 72 13 44 
0 36 1 46 2 99 3 83 4 2 5 12 6 22 7 97 8 53 9 50 10 10 11 5 12 90 13 56 
0 79 1 88 2 64 3 56 4 93 5 10 6 75 7 18 8 37 9 54 10 45 11 98 12 84 13 60 
0 18 1 34 2 88 3 95 4 12 5 44 6 92 7 76 8 13 9 39 10 91 11 57 12 59 13 21 
0 14 1 96 2 27 3 57 4 7 5 9 6 65 7 50 8 83 9 78 10 39 11 58 12 1 13 41 
0 88 1 65 2 54 3 42 4 68 5 97 6 39 7 19 8 32 9 2 10 23 11 10 12 28 13 66 
0 59 1 18 2 43 3 73 4 34 5 61 6 67 7 2 8 4 9 65 10 14 11 74 12 67 13 84 
0 10 1 56 2 40 3 16 4 24 5 34 6 5 7 5 8 40 9 36 10 76 11 32 12 97 13 35 
0 25 1 79 2 61 3 44 4 1 5 13 6 97 7 57 8 46 9 37 10 93 11 69 12 67 13 31 
0 77 1 25 2 43 3 6 4 49 5 91 6 87 7 56 8 62 9 60 10 39 11 34 12 23 13 7 
0 31 1 36 2 24 3 66 4 16 5 18 6 72 7 12 8 99 9 88 10 38 11 47 12 4 13 58 
0 33 1 32 2 18 3 43 4 92 5 99 6 36 7 15 8 53 9 38 10 74 11 19 12 32 13 70 
0 57 1 40 2 26 3 75 4 1 5 92 6 61 7 39 8 38 9 47 10 34 11 100 12 75 13 33 
0 18 1 63 2 33 3 52 4 9 5 39 6 92 7 69 8 2 9 16 10 24 11 39 12 21 13 48 
0 78 1 16 2 14 3 39 4 97 5 61 6 59 7 29 8 15 9 38 10 83 11 12 12 24 13 68 
0 3 1 12 2 64 3 53 4 17 5 47 6 63 7 17 8 72 9 75 10 46 11 8 12 2 13 56 
0 63 1 15 2 72 3 56 4 11 5 82 6 39 7 23 8 91 9 48 10 46 11 23 12 100 13 87 
0 73 1 87 2 69 3 65 4 94 5 44 6 99 7 20 8 43 9 96 10 41 11 15 12 39 13 8 
0 3 1 49 2 93 3 85 4 95 5 25 6 45 7 72 8 24 9 6 10 3 11 56 12 45 13 32 
0 80 1 84 2 67 3 50 4 53 5 41 6 20 7 60 8 65 9 1 10 90 11 56 12 6 13 53 
0 3 1 59 2 11 3 79 4 6 5 40 6 50 7 9 8 26 9 93 10 84 11 81 12 24 13 52 
0 57 1 83 2 44 3 72 4 42 5 89 6 90 7 12 8 15 9 73 10 93 11 69 12 56 13 38 
0 82 1 45 2 44 3 79 4 98 5 41 6 68 7 7 8 64 9 88 10 10 11 3 12 51 13 26 
0 79 1 17 2 24 3 25 4 67 5 55 6 91 7 98 8 46 9 18 10 20 11 22 12 17 13 76 
0 58 1 78 2 28 3 56 4 2 5 79 6 35 7 33 8 18 9 60 10 32 11 78 12 80 13 86 
0 69 1 40 2 81 3 18 4 78 5 33 6 84 7 33 8 49 9 25 10 42 11 29 12 20 13 61 
0 98 1 10 2 31 3 74 4 97 5 83 6 36 7 56 8 4 9 100 10 12 11 44 12 38 13 22 
0 92 1 52 2 93 3 99 4 96 5 75 6 68 7 39 8 48 9 63 10 87 11 85 12 71 13 42 
0 69 1 29 2 95 3 34 4 62 5 66 6 97 7 44 8 100 9 91 10 69 11 22 12 86 13 87 
0 44 1 57 2 80 3 30 4 7 5 40 6 11 7 41 8 50 9 93 10 40 11 27 12 42 13 67 
0 79 1 85 2 30 3 65 4 44 5 20 6 1 7 37 8 9 9 71 10 14 11 97 12 45 13 12 
0 17 1 62 2 62 3 73 4 73 5 93 6 8 7 62 8 39 9 31 10 68 11 12 12 46 13 73 
0 90 1 79 2 2 3 96 4 5 5 81 6 14 7 9 8 48 9 83 10 4 11 31 12 29 13 86 
0 7 1 74 2 86 3 19 4 55 5 44 6 82 7 55 8 85 9 86 10 92 11 65 12 71 13 78 
0 35 1 72 2 26 3 54 4 23 5 81 6 19 7 70 8 9 9 31 10 59 11 11 12 87 13 72 
0 36 1 10 2 40 3 65 4 14 5 9 6 39 7 72 8 19 9 38 10 61 11 25 12 96 13 47 
0 26 1 37 2 23 3 84 4 16 5 92 6 11 7 58 8 100 9 50 10 59 11 87 12 42 13 76 
0 20 1 57 2 17 3 35 4 93 5 36 6 24 7 26 8 58 9 9 10 25 11 2 12 54 13 55 
0 77 1 70 2 87 3 32 4 49 5 91 6 42 7 31 8 28 9 97 10 38 11 95 12 93 13 92 
0 63 1 46 2 69 3 2 4 86 5 48 6 34 7 17 8 96 9 14 10 34 11 97 12 37 13 7 
0 48 1 40 2 50 3 5 4 59 5 100 6 5 7 49 8 60 9 14 10 5 11 83 12 43 13 66 
0 65 1 84 2 4 3 43 4 44 5 42 6 90 7 65 8 70 9 9 10 53 11 30 12 46 13 26 
0 74 1 26 2 32 3 17 4 25 5 17 6 30 7 61 8 41 9 69 10 64 11 79 12 1 13 3 
0 20 1 92 2 14 3 59 4 28 5 8 6 44 7 91 8 83 9 80 10 20 11 52 12 20 13 5 
0 44 1 96 2 14 3 87 4 28 5 15 6 90 7 93 8 89 9 73 10 4 11 92 12 79 13 66 
0 73 1 43 2 36 3 97 4 48 5 46 6 12 7 33 8 67 9 11 10 84 11 31 12 45 13 58 
