50 19
0 1 1 82 2 53 3 6 4 64 5 32 6 28 7 81 8 58 9 26 10 57 11 2 12 44 13 72 14 37 15 66 16 54 17 32 18 87 
0 29 1 86 2 67 3 42 4 21 5 98 6 44 7 21 8 83 9 33 10 74 11 18 12 47 13 13 14 8 15 26 16 51 17 90 18 41 
0 63 1 100 2 46 3 25 4 64 5 79 6 16 7 73 8 17 9 65 10 71 11 9 12 17 13 18 14 54 15 15 16 5 17 98 18 54 
0 32 1 86 2 60 3 63 4 74 5 72 6 48 7 50 8 82 9 26 10 8 11 75 12 80 13 37 14 70 15 31 16 92 17 99 18 86 
0 61 1 4 2 25 3 93 4 98 5 95 6 75 7 17 8 4 9 69 10 21 11 11 12 8 13 95 14 7 15 78 16 51 17 67 18 60 
0 14 1 42 2 59 3 76 4 25 5 5 6 71 7 16 8 45 9 77 10 67 11 13 12 62 13 86 14 27 15 37 16 90 17 2 18 61 
0 85 1 94 2 35 3 94 4 96 5 95 6 56 7 77 8 61 9 77 10 46 11 9 12 21 13 88 14 16 15 90 16 21 17 56 18 67 
0 41 1 68 2 15 3 80 4 84 5 33 6 46 7 42 8 3 9 80 10 32 11 30 12 47 13 35 14 96 15 98 16 56 17 83 18 58 
0 26 1 8 2 40 3 97 4 37 5 53 6 9 7 59 8 30 9 79 10 52 11 52 12 23 13 82 14 19 15 95 16 64 17 44 18 27 
0 82 1 68 2 18 3 11 4 70 5 2 6 82 7 33 8 52 9 27 10 54 11 82 12 80 13 20 14 46 15 5 16 57 17 21 18 10 
0 45 1 33 2 77 3 53 4 1 5 7 6 22 7 68 8 60 9 31 10 83 11 4 12 23 13 89 14 94 15 6 16 53 17 100 18 35 
0 43 1 75 2 90 3 50 4 46 5 66 6 38 7 79 8 54 9 58 10 33 11 30 12 22 13 76 14 65 15 43 16 87 17 98 18 16 
0 3 1 39 2 87 3 3 4 91 5 16 6 70 7 80 8 56 9 73 10 82 11 69 12 55 13 21 14 1 15 27 16 3 17 58 18 48 
0 81 1 31 2 65 3 9 4 30 5 15 6 82 7 26 8 88 9 85 10 42 11 75 12 35 13 78 14 79 15 17 16 77 17 95 18 89 
0 7 1 19 2 40 3 39 4 82 5 72 6 60 7 15 8 40 9 88 10 66 11 93 12 29 13 40 14 33 15 96 16 37 17 31 18 93 
0 19 1 15 2 74 3 9 4 54 5 1 6 91 7 45 8 15 9 99 10 27 11 41 12 96 13 59 14 57 15 88 16 19 17 91 18 42 
0 60 1 30 2 14 3 90 4 74 5 32 6 93 7 42 8 74 9 17 10 25 11 92 12 38 13 20 14 31 15 37 16 88 17 35 18 14 
0 67 1 16 2 89 3 8 4 98 5 65 6 26 7 72 8 92 9 58 10 21 11 21 12 40 13 33 14 79 15 77 16 19 17 51 18 4 
0 59 1 25 2 35 3 57 4 80 5 10 6 11 7 73 8 64 9 74 10 7 11 35 12 84 13 91 14 96 15 11 16 87 17 94 18 63 
0 20 1 17 2 81 3 53 4 57 5 82 6 58 7 44 8 93 9 45 10 83 11 97 12 58 13 88 14 37 15 92 16 7 17 21 18 59 
0 26 1 29 2 60 3 8 4 46 5 27 6 29 7 65 8 16 9 80 10 74 11 21 12 73 13 76 14 60 15 61 16 53 17 6 18 79 
0 77 1 33 2 75 3 9 4 51 5 50 6 93 7 79 8 17 9 17 10 36 11 50 12 46 13 83 14 14 15 69 16 46 17 71 18 80 
0 96 1 24 2 84 3 18 4 53 5 32 6 37 7 96 8 58 9 65 10 64 11 13 12 23 13 15 14 52 15 78 16 47 17 84 18 86 
0 96 1 80 2 58 3 7 4 83 5 71 6 18 7 19 8 53 9 78 10 64 11 37 12 1 13 5 14 26 15 16 16 27 17 18 18 41 
0 22 1 32 2 77 3 62 4 86 5 63 6 22 7 72 8 50 9 65 10 76 11 4 12 47 13 45 14 37 15 71 16 87 17 41 18 28 
0 84 1 79 2 61 3 55 4 93 5 58 6 58 7 50 8 24 9 10 10 98 11 44 12 88 13 70 14 43 15 85 16 37 17 77 18 31 
0 73 1 27 2 22 3 38 4 77 5 28 6 45 7 17 8 79 9 9 10 85 11 64 12 77 13 54 14 55 15 39 16 62 17 35 18 74 
0 17 1 86 2 84 3 47 4 9 5 76 6 35 7 72 8 87 9 20 10 28 11 95 12 82 13 98 14 76 15 30 16 29 17 31 18 84 
0 7 1 70 2 97 3 4 4 46 5 74 6 24 7 100 8 85 9 8 10 46 11 18 12 50 13 66 14 13 15 12 16 14 17 18 18 14 
0 1 1 2 2 8 3 45 4 18 5 11 6 82 7 65 8 13 9 43 10 22 11 55 12 51 13 66 14 71 15 29 16 81 17 74 18 12 
0 95 1 12 2 21 3 86 4 86 5 55 6 97 7 66 8 81 9 58 10 46 11 75 12 69 13 47 14 84 15 28 16 95 17 72 18 82 
0 16 1 83 2 99 3 34 4 4 5 32 6 67 7 28 8 76 9 35 10 27 11 50 12 76 13 22 14 91 15 86 16 51 17 74 18 51 
0 43 1 44 2 14 3 70 4 78 5 64 6 50 7 26 8 36 9 80 10 93 11 70 12 62 13 10 14 85 15 89 16 50 17 67 18 80 
0 74 1 95 2 58 3 21 4 80 5 43 6 78 7 59 8 73 9 53 10 65 11 16 12 66 13 4 14 51 15 21 16 64 17 41 18 36 
0 72 1 77 2 51 3 41 4 58 5 37 6 23 7 52 8 49 9 75 10 92 11 10 12 12 13 3 14 77 15 60 16 93 17 59 18 62 
0 3 1 8 2 41 3 43 4 92 5 94 6 91 7 98 8 40 9 78 10 75 11 59 12 62 13 20 14 62 15 10 16 75 17 61 18 4 
0 54 1 31 2 97 3 25 4 55 5 52 6 16 7 68 8 24 9 61 10 61 11 1 12 42 13 96 14 52 15 39 16 90 17 92 18 2 
0 66 1 98 2 12 3 29 4 99 5 9 6 4 7 75 8 62 9 92 10 56 11 4 12 39 13 96 14 65 15 96 16 32 17 96 18 16 
0 49 1 33 2 66 3 26 4 71 5 15 6 27 7 59 8 75 9 94 10 97 11 17 12 56 13 72 14 67 15 15 16 88 17 73 18 94 
0 65 1 44 2 60 3 13 4 80 5 5 6 10 7 91 8 85 9 15 10 45 11 26 12 85 13 19 14 98 15 58 16 68 17 17 18 81 
0 21 1 4 2 50 3 62 4 23 5 97 6 81 7 77 8 87 9 5 10 83 11 84 12 25 13 85 14 18 15 3 16 27 17 79 18 50 
0 10 1 81 2 73 3 100 4 10 5 91 6 23 7 26 8 9 9 78 10 5 11 89 12 18 13 43 14 7 15 62 16 47 17 32 18 84 
0 5 1 13 2 13 3 24 4 8 5 97 6 33 7 60 8 17 9 11 10 52 11 74 12 88 13 87 14 37 15 80 16 59 17 86 18 91 
0 87 1 36 2 88 3 32 4 42 5 43 6 80 7 58 8 97 9 34 10 97 11 24 12 77 13 16 14 53 15 4 16 80 17 27 18 40 
0 33 1 87 2 4 3 3 4 50 5 13 6 26 7 9 8 96 9 76 10 92 11 82 12 89 13 81 14 76 15 19 16 65 17 43 18 56 
0 8 1 17 2 67 3 96 4 18 5 18 6 75 7 68 8 80 9 95 10 73 11 8 12 26 13 33 14 14 15 26 16 54 17 1 18 44 
0 17 1 93 2 78 3 14 4 84 5 86 6 71 7 45 8 95 9 56 10 3 11 87 12 27 13 5 14 56 15 30 16 27 17 11 18 75 
0 68 1 41 2 86 3 48 4 99 5 44 6 78 7 17 8 91 9 49 10 40 11 51 12 13 13 48 14 34 15 1 16 94 17 58 18 84 
0 67 1 9 2 91 3 80 4 32 5 57 6 69 7 47 8 65 9 11 10 59 11 17 12 29 13 11 14 8 15 2 16 81 17 23 18 19 
0 48 1 51 2 16 3 86 4 50 5 40 6 90 7 90 8 39 9 38 10 94 11 68 12 52 13 51 14 55 15 89 16 62 17 33 18 11 
