50 8
0 72 1 20 2 93 3 1 4 56 5 43 6 13 7 22 
0 71 1 76 2 50 3 23 4 73 5 16 6 93 7 62 
0 4 1 65 2 37 3 8 4 9 5 43 6 44 7 13 
0 46 1 69 2 32 3 71 4 56 5 48 6 36 7 70 
0 91 1 7 2 97 3 17 4 81 5 89 6 33 7 2 
0 43 1 12 2 63 3 34 4 72 5 70 6 4 7 81 
0 80 1 44 2 21 3 23 4 66 5 19 6 58 7 97 
0 80 1 58 2 67 3 4 4 82 5 37 6 24 7 73 
0 20 1 84 2 55 3 56 4 23 5 100 6 64 7 89 
0 13 1 31 2 41 3 91 4 46 5 6 6 94 7 44 
0 27 1 80 2 47 3 18 4 44 5 86 6 69 7 31 
0 30 1 15 2 64 3 28 4 96 5 100 6 74 7 54 
0 4 1 81 2 82 3 21 4 41 5 52 6 16 7 46 
0 73 1 21 2 32 3 70 4 67 5 93 6 61 7 37 
0 45 1 59 2 32 3 21 4 14 5 37 6 16 7 68 
0 81 1 42 2 29 3 65 4 32 5 80 6 96 7 1 
0 88 1 57 2 66 3 90 4 91 5 85 6 37 7 73 
0 100 1 15 2 87 3 65 4 42 5 81 6 96 7 4 
0 98 1 72 2 27 3 31 4 16 5 58 6 47 7 78 
0 57 1 37 2 34 3 93 4 44 5 1 6 13 7 87 
0 79 1 8 2 37 3 30 4 48 5 33 6 88 7 74 
0 58 1 83 2 68 3 88 4 81 5 1 6 100 7 24 
0 93 1 46 2 53 3 9 4 20 5 58 6 84 7 57 
0 99 1 60 2 75 3 93 4 46 5 56 6 92 7 4 
0 29 1 62 2 89 3 59 4 37 5 73 6 85 7 52 
0 52 1 70 2 43 3 34 4 33 5 53 6 81 7 54 
0 22 1 30 2 26 3 83 4 92 5 8 6 67 7 78 
0 3 1 96 2 35 3 15 4 46 5 90 6 45 7 51 
0 71 1 54 2 29 3 77 4 22 5 73 6 62 7 57 
0 86 1 9 2 74 3 68 4 31 5 28 6 8 7 5 
0 83 1 56 2 37 3 56 4 15 5 13 6 54 7 20 
0 21 1 67 2 75 3 59 4 11 5 72 6 68 7 38 
0 66 1 26 2 26 3 39 4 52 5 68 6 65 7 4 
0 56 1 84 2 32 3 83 4 81 5 26 6 5 7 60 
0 81 1 28 2 60 3 85 4 45 5 13 6 43 7 5 
0 100 1 39 2 70 3 69 4 36 5 58 6 74 7 8 
0 23 1 100 2 4 3 63 4 28 5 71 6 56 7 40 
0 59 1 21 2 88 3 18 4 13 5 64 6 83 7 59 
0 34 1 60 2 76 3 66 4 51 5 78 6 70 7 33 
0 71 1 100 2 58 3 51 4 85 5 9 6 88 7 1 
0 63 1 87 2 28 3 10 4 44 5 58 6 25 7 93 
0 82 1 67 2 70 3 65 4 74 5 92 6 16 7 86 
0 13 1 97 2 93 3 74 4 38 5 18 6 14 7 60 
0 91 1 67 2 53 3 63 4 34 5 66 6 59 7 5 
0 31 1 15 2 41 3 5 4 92 5 56 6 74 7 86 
0 63 1 7 2 2 3 79 4 70 5 38 6 26 7 73 
0 35 1 38 2 33 3 67 4 78 5 90 6 96 7 73 
0 4 1 88 2 42 3 57 4 83 5 10 6 6 7 51 
0 27 1 22 2 97 3 83 4 77 5 40 6 36 7 25 
0 36 1 39 2 22 3 36 4 39 5 56 6 48 7 70 
