50 8
0 66 1 62 2 38 3 93 4 100 5 37 6 43 7 77 
0 72 1 86 2 88 3 93 4 83 5 5 6 5 7 64 
0 65 1 44 2 75 3 53 4 86 5 80 6 100 7 61 
0 47 1 39 2 91 3 55 4 44 5 62 6 93 7 73 
0 73 1 92 2 50 3 47 4 72 5 48 6 47 7 11 
0 78 1 52 2 52 3 23 4 91 5 37 6 76 7 29 
0 82 1 25 2 64 3 86 4 50 5 85 6 53 7 43 
0 73 1 70 2 65 3 36 4 77 5 93 6 22 7 89 
0 87 1 95 2 77 3 20 4 85 5 70 6 4 7 65 
0 77 1 56 2 68 3 2 4 73 5 43 6 84 7 4 
0 82 1 12 2 59 3 24 4 55 5 72 6 32 7 50 
0 22 1 84 2 71 3 37 4 36 5 37 6 42 7 81 
0 68 1 41 2 26 3 51 4 2 5 52 6 40 7 4 
0 100 1 2 2 39 3 39 4 47 5 38 6 75 7 93 
0 57 1 7 2 38 3 85 4 13 5 13 6 12 7 56 
0 64 1 11 2 34 3 14 4 25 5 16 6 34 7 50 
0 99 1 82 2 80 3 67 4 45 5 100 6 19 7 54 
0 73 1 54 2 4 3 45 4 39 5 21 6 40 7 33 
0 68 1 81 2 39 3 83 4 63 5 18 6 89 7 50 
0 31 1 41 2 53 3 33 4 15 5 28 6 64 7 94 
0 31 1 30 2 79 3 1 4 68 5 16 6 70 7 64 
0 6 1 98 2 9 3 80 4 53 5 21 6 44 7 21 
0 40 1 81 2 41 3 100 4 71 5 81 6 85 7 28 
0 63 1 94 2 86 3 1 4 74 5 88 6 99 7 31 
0 13 1 92 2 99 3 68 4 26 5 83 6 77 7 44 
0 10 1 34 2 83 3 35 4 8 5 42 6 13 7 39 
0 3 1 91 2 60 3 33 4 86 5 11 6 99 7 84 
0 88 1 50 2 67 3 12 4 59 5 46 6 20 7 1 
0 98 1 28 2 56 3 96 4 2 5 56 6 66 7 71 
0 92 1 36 2 95 3 92 4 51 5 87 6 99 7 36 
0 3 1 6 2 14 3 65 4 21 5 33 6 34 7 49 
0 19 1 19 2 65 3 24 4 46 5 80 6 87 7 94 
0 90 1 11 2 36 3 45 4 10 5 40 6 15 7 24 
0 37 1 85 2 61 3 72 4 71 5 37 6 85 7 55 
0 50 1 47 2 70 3 66 4 34 5 61 6 72 7 42 
0 24 1 18 2 1 3 39 4 74 5 52 6 40 7 63 
0 4 1 49 2 6 3 25 4 44 5 94 6 15 7 86 
0 19 1 38 2 21 3 63 4 3 5 73 6 74 7 80 
0 100 1 1 2 80 3 46 4 72 5 25 6 43 7 84 
0 14 1 76 2 72 3 49 4 91 5 52 6 86 7 83 
0 80 1 44 2 25 3 9 4 46 5 12 6 83 7 8 
0 1 1 63 2 16 3 14 4 62 5 96 6 17 7 19 
0 9 1 89 2 19 3 16 4 38 5 87 6 60 7 2 
0 90 1 96 2 38 3 27 4 97 5 23 6 67 7 63 
0 53 1 59 2 80 3 2 4 58 5 64 6 23 7 24 
0 62 1 7 2 89 3 62 4 69 5 78 6 65 7 34 
0 44 1 55 2 82 3 73 4 15 5 31 6 49 7 16 
0 36 1 38 2 24 3 22 4 42 5 59 6 64 7 6 
0 84 1 86 2 28 3 59 4 98 5 35 6 60 7 90 
0 62 1 53 2 47 3 40 4 59 5 100 6 30 7 5 
