50 8
0 16 1 88 2 52 3 25 4 5 5 55 6 65 7 36 
0 74 1 36 2 49 3 7 4 31 5 65 6 70 7 33 
0 39 1 73 2 47 3 92 4 42 5 31 6 72 7 40 
0 100 1 28 2 83 3 58 4 28 5 50 6 83 7 78 
0 16 1 15 2 67 3 19 4 86 5 73 6 16 7 59 
0 84 1 28 2 4 3 69 4 16 5 78 6 79 7 60 
0 84 1 63 2 15 3 11 4 7 5 64 6 78 7 56 
0 58 1 7 2 20 3 57 4 6 5 67 6 100 7 85 
0 37 1 99 2 1 3 24 4 95 5 98 6 63 7 72 
0 21 1 79 2 45 3 42 4 3 5 24 6 47 7 38 
0 71 1 41 2 46 3 14 4 41 5 36 6 54 7 64 
0 19 1 14 2 69 3 37 4 14 5 86 6 2 7 65 
0 3 1 93 2 55 3 80 4 79 5 1 6 87 7 7 
0 13 1 81 2 52 3 89 4 78 5 55 6 63 7 94 
0 25 1 82 2 96 3 93 4 66 5 13 6 90 7 1 
0 98 1 32 2 88 3 66 4 6 5 47 6 38 7 96 
0 74 1 12 2 15 3 88 4 13 5 21 6 8 7 100 
0 10 1 65 2 24 3 70 4 34 5 31 6 8 7 27 
0 11 1 6 2 25 3 35 4 31 5 18 6 36 7 86 
0 27 1 7 2 19 3 89 4 65 5 69 6 12 7 2 
0 92 1 89 2 26 3 66 4 4 5 96 6 8 7 78 
0 71 1 5 2 64 3 36 4 20 5 70 6 9 7 94 
0 98 1 57 2 58 3 79 4 31 5 87 6 91 7 22 
0 42 1 82 2 23 3 45 4 68 5 88 6 24 7 55 
0 55 1 95 2 49 3 90 4 96 5 39 6 54 7 50 
0 41 1 68 2 82 3 35 4 84 5 93 6 17 7 57 
0 31 1 56 2 64 3 44 4 80 5 40 6 54 7 51 
0 18 1 46 2 12 3 96 4 60 5 53 6 42 7 26 
0 81 1 24 2 23 3 15 4 46 5 68 6 86 7 39 
0 51 1 50 2 69 3 94 4 50 5 53 6 52 7 82 
0 66 1 21 2 2 3 54 4 65 5 98 6 90 7 31 
0 43 1 16 2 16 3 79 4 90 5 38 6 81 7 41 
0 3 1 65 2 76 3 14 4 35 5 10 6 39 7 9 
0 17 1 25 2 68 3 17 4 64 5 90 6 55 7 49 
0 84 1 79 2 74 3 75 4 71 5 81 6 6 7 78 
0 63 1 97 2 83 3 97 4 27 5 94 6 29 7 2 
0 81 1 52 2 89 3 96 4 14 5 4 6 52 7 78 
0 22 1 46 2 27 3 73 4 90 5 44 6 13 7 5 
0 42 1 70 2 88 3 95 4 92 5 50 6 94 7 5 
0 86 1 97 2 96 3 43 4 68 5 35 6 50 7 46 
0 78 1 43 2 56 3 6 4 91 5 6 6 3 7 16 
0 29 1 61 2 5 3 12 4 89 5 100 6 13 7 100 
0 13 1 46 2 85 3 76 4 29 5 81 6 77 7 40 
0 24 1 60 2 27 3 78 4 29 5 74 6 83 7 92 
0 70 1 35 2 99 3 61 4 57 5 14 6 34 7 100 
0 80 1 48 2 14 3 19 4 26 5 28 6 27 7 57 
0 81 1 22 2 51 3 4 4 77 5 24 6 22 7 18 
0 84 1 45 2 15 3 49 4 59 5 94 6 54 7 24 
0 36 1 63 2 73 3 15 4 41 5 10 6 66 7 44 
0 24 1 14 2 50 3 5 4 35 5 76 6 47 7 26 
