50 6
0 83 1 19 2 3 3 52 4 36 5 64 
0 13 1 26 2 32 3 40 4 79 5 80 
0 23 1 6 2 58 3 88 4 85 5 79 
0 60 1 49 2 19 3 72 4 64 5 1 
0 72 1 23 2 42 3 44 4 52 5 20 
0 61 1 70 2 71 3 22 4 75 5 13 
0 23 1 62 2 24 3 35 4 78 5 29 
0 30 1 43 2 68 3 17 4 50 5 37 
0 43 1 29 2 36 3 80 4 14 5 98 
0 55 1 14 2 21 3 46 4 39 5 44 
0 19 1 49 2 92 3 69 4 85 5 65 
0 50 1 16 2 19 3 69 4 30 5 99 
0 26 1 84 2 41 3 34 4 17 5 30 
0 75 1 28 2 79 3 87 4 62 5 46 
0 43 1 60 2 36 3 45 4 48 5 18 
0 92 1 27 2 77 3 23 4 79 5 50 
0 54 1 23 2 60 3 34 4 12 5 23 
0 68 1 73 2 8 3 70 4 31 5 5 
0 73 1 61 2 4 3 51 4 75 5 57 
0 89 1 25 2 37 3 24 4 77 5 7 
0 71 1 75 2 84 3 92 4 31 5 5 
0 37 1 2 2 56 3 89 4 59 5 12 
0 86 1 57 2 24 3 26 4 65 5 78 
0 96 1 5 2 29 3 79 4 62 5 19 
0 97 1 14 2 2 3 29 4 55 5 34 
0 89 1 11 2 84 3 81 4 74 5 34 
0 27 1 65 2 33 3 89 4 9 5 94 
0 43 1 27 2 91 3 77 4 68 5 6 
0 91 1 86 2 71 3 73 4 86 5 49 
0 34 1 45 2 94 3 59 4 32 5 23 
0 85 1 5 2 56 3 54 4 98 5 63 
0 14 1 31 2 5 3 18 4 44 5 87 
0 85 1 40 2 7 3 10 4 65 5 30 
0 94 1 69 2 37 3 14 4 3 5 76 
0 29 1 45 2 32 3 72 4 41 5 70 
0 33 1 36 2 33 3 42 4 45 5 44 
0 24 1 96 2 38 3 88 4 22 5 86 
0 54 1 93 2 59 3 47 4 14 5 7 
0 94 1 91 2 21 3 40 4 21 5 86 
0 61 1 88 2 31 3 44 4 50 5 84 
0 47 1 68 2 26 3 29 4 33 5 41 
0 33 1 97 2 7 3 2 4 90 5 87 
0 72 1 31 2 69 3 16 4 94 5 87 
0 2 1 3 2 29 3 9 4 12 5 98 
0 85 1 89 2 79 3 44 4 54 5 51 
0 34 1 34 2 68 3 4 4 28 5 76 
0 25 1 27 2 88 3 21 4 91 5 64 
0 14 1 61 2 45 3 46 4 89 5 77 
0 66 1 39 2 82 3 74 4 72 5 46 
0 26 1 11 2 38 3 22 4 7 5 35 
