50 16
0 50 1 53 2 66 3 67 4 28 5 90 6 31 7 58 8 36 9 79 10 26 11 12 12 51 13 7 14 28 15 8 
0 90 1 86 2 39 3 69 4 98 5 93 6 86 7 34 8 67 9 25 10 86 11 98 12 54 13 83 14 100 15 72 
0 27 1 6 2 83 3 54 4 13 5 73 6 13 7 24 8 60 9 40 10 43 11 86 12 80 13 82 14 72 15 99 
0 35 1 35 2 48 3 72 4 10 5 32 6 8 7 88 8 84 9 7 10 84 11 63 12 73 13 74 14 60 15 34 
0 76 1 2 2 55 3 75 4 76 5 95 6 51 7 97 8 78 9 34 10 49 11 35 12 75 13 3 14 63 15 27 
0 51 1 49 2 45 3 39 4 56 5 16 6 65 7 59 8 65 9 60 10 57 11 78 12 14 13 44 14 100 15 2 
0 55 1 49 2 91 3 49 4 39 5 52 6 13 7 17 8 61 9 25 10 28 11 49 12 84 13 90 14 17 15 26 
0 52 1 26 2 18 3 81 4 34 5 49 6 95 7 17 8 2 9 52 10 70 11 63 12 88 13 80 14 25 15 90 
0 50 1 90 2 100 3 58 4 31 5 31 6 23 7 42 8 63 9 27 10 49 11 99 12 51 13 18 14 74 15 31 
0 51 1 38 2 36 3 52 4 43 5 46 6 21 7 16 8 61 9 46 10 29 11 29 12 61 13 73 14 8 15 41 
0 81 1 37 2 81 3 73 4 78 5 99 6 40 7 40 8 94 9 50 10 80 11 37 12 54 13 28 14 16 15 51 
0 90 1 20 2 75 3 70 4 39 5 20 6 89 7 38 8 12 9 1 10 32 11 58 12 52 13 32 14 63 15 66 
0 37 1 85 2 83 3 77 4 18 5 46 6 73 7 96 8 80 9 41 10 18 11 48 12 88 13 43 14 21 15 99 
0 4 1 95 2 96 3 80 4 45 5 20 6 85 7 72 8 50 9 99 10 34 11 11 12 96 13 18 14 37 15 47 
0 53 1 66 2 64 3 95 4 73 5 85 6 84 7 33 8 17 9 83 10 36 11 82 12 47 13 32 14 17 15 3 
0 47 1 1 2 63 3 27 4 80 5 51 6 21 7 30 8 99 9 66 10 88 11 38 12 48 13 90 14 32 15 4 
0 83 1 33 2 40 3 57 4 67 5 17 6 25 7 46 8 47 9 65 10 26 11 68 12 88 13 3 14 31 15 16 
0 26 1 14 2 100 3 78 4 17 5 21 6 9 7 88 8 38 9 47 10 44 11 49 12 81 13 21 14 66 15 20 
0 61 1 55 2 11 3 52 4 60 5 20 6 58 7 69 8 79 9 23 10 47 11 71 12 89 13 54 14 29 15 94 
0 49 1 44 2 15 3 5 4 39 5 90 6 42 7 77 8 53 9 78 10 67 11 43 12 80 13 92 14 21 15 56 
0 81 1 81 2 99 3 83 4 68 5 77 6 61 7 79 8 53 9 18 10 84 11 62 12 46 13 57 14 43 15 67 
0 23 1 48 2 21 3 74 4 7 5 1 6 26 7 14 8 62 9 88 10 16 11 15 12 36 13 96 14 82 15 39 
0 25 1 72 2 27 3 35 4 72 5 64 6 73 7 78 8 45 9 79 10 95 11 25 12 16 13 75 14 72 15 53 
0 92 1 13 2 21 3 57 4 100 5 39 6 90 7 48 8 46 9 26 10 15 11 29 12 56 13 64 14 34 15 46 
0 27 1 37 2 66 3 21 4 47 5 83 6 70 7 62 8 99 9 1 10 53 11 64 12 39 13 30 14 13 15 42 
0 44 1 25 2 47 3 66 4 74 5 35 6 88 7 39 8 89 9 41 10 65 11 74 12 89 13 28 14 97 15 68 
0 94 1 40 2 97 3 37 4 47 5 44 6 89 7 71 8 96 9 6 10 11 11 88 12 26 13 3 14 38 15 28 
0 93 1 32 2 84 3 79 4 68 5 4 6 16 7 18 8 76 9 37 10 7 11 2 12 94 13 32 14 79 15 69 
0 8 1 37 2 70 3 76 4 26 5 71 6 72 7 94 8 79 9 30 10 82 11 5 12 13 13 26 14 15 15 13 
0 17 1 21 2 66 3 59 4 94 5 79 6 59 7 43 8 70 9 86 10 80 11 26 12 85 13 79 14 50 15 56 
0 84 1 46 2 76 3 77 4 15 5 50 6 11 7 5 8 86 9 72 10 42 11 25 12 52 13 68 14 83 15 80 
0 19 1 11 2 51 3 22 4 55 5 81 6 98 7 23 8 7 9 33 10 13 11 87 12 11 13 39 14 81 15 76 
0 92 1 93 2 96 3 30 4 100 5 74 6 12 7 3 8 11 9 57 10 61 11 6 12 15 13 66 14 42 15 18 
0 92 1 2 2 13 3 70 4 57 5 48 6 69 7 49 8 91 9 18 10 30 11 72 12 28 13 41 14 7 15 44 
0 18 1 39 2 7 3 46 4 65 5 76 6 70 7 98 8 20 9 42 10 20 11 15 12 16 13 63 14 35 15 49 
0 17 1 72 2 88 3 39 4 30 5 16 6 2 7 15 8 26 9 9 10 19 11 62 12 58 13 57 14 22 15 31 
0 32 1 68 2 52 3 30 4 58 5 7 6 43 7 70 8 34 9 33 10 49 11 86 12 39 13 14 14 39 15 75 
0 57 1 35 2 35 3 57 4 53 5 47 6 52 7 24 8 3 9 5 10 84 11 89 12 63 13 29 14 24 15 42 
0 77 1 16 2 44 3 70 4 10 5 10 6 99 7 99 8 6 9 95 10 57 11 80 12 30 13 60 14 5 15 70 
0 42 1 53 2 84 3 86 4 48 5 68 6 92 7 3 8 36 9 10 10 26 11 90 12 13 13 79 14 95 15 98 
0 74 1 82 2 46 3 37 4 47 5 52 6 99 7 50 8 92 9 74 10 35 11 74 12 35 13 28 14 31 15 87 
0 62 1 41 2 52 3 33 4 56 5 51 6 64 7 15 8 13 9 48 10 49 11 46 12 15 13 98 14 91 15 55 
0 11 1 35 2 64 3 12 4 2 5 55 6 38 7 40 8 10 9 58 10 7 11 4 12 49 13 66 14 99 15 87 
0 47 1 24 2 48 3 27 4 2 5 9 6 17 7 37 8 99 9 60 10 73 11 99 12 94 13 21 14 27 15 73 
0 88 1 59 2 40 3 72 4 49 5 20 6 3 7 33 8 85 9 58 10 33 11 18 12 74 13 88 14 38 15 14 
0 55 1 3 2 8 3 50 4 68 5 74 6 87 7 33 8 35 9 2 10 39 11 17 12 69 13 80 14 37 15 89 
0 39 1 86 2 23 3 35 4 99 5 31 6 6 7 75 8 56 9 55 10 11 11 99 12 71 13 56 14 33 15 94 
0 23 1 77 2 85 3 37 4 64 5 5 6 23 7 3 8 57 9 85 10 61 11 25 12 78 13 63 14 23 15 90 
0 88 1 90 2 2 3 72 4 11 5 90 6 42 7 65 8 58 9 20 10 38 11 36 12 55 13 50 14 3 15 97 
0 73 1 89 2 97 3 89 4 66 5 71 6 16 7 70 8 36 9 89 10 38 11 84 12 14 13 51 14 64 15 85 
