50 6
0 17 1 12 2 85 3 52 4 18 5 73 
0 79 1 66 2 70 3 69 4 58 5 68 
0 80 1 29 2 10 3 75 4 33 5 93 
0 24 1 84 2 90 3 90 4 85 5 95 
0 92 1 89 2 52 3 63 4 21 5 93 
0 64 1 68 2 31 3 19 4 10 5 2 
0 73 1 11 2 65 3 26 4 36 5 30 
0 98 1 23 2 86 3 34 4 58 5 15 
0 97 1 23 2 91 3 96 4 24 5 71 
0 27 1 59 2 34 3 83 4 83 5 65 
0 31 1 76 2 98 3 10 4 39 5 18 
0 93 1 17 2 80 3 26 4 23 5 89 
0 3 1 78 2 99 3 48 4 67 5 62 
0 41 1 41 2 12 3 52 4 18 5 59 
0 24 1 44 2 93 3 50 4 37 5 59 
0 82 1 26 2 75 3 85 4 57 5 56 
0 40 1 100 2 60 3 66 4 70 5 60 
0 29 1 7 2 5 3 79 4 85 5 30 
0 36 1 11 2 71 3 88 4 97 5 67 
0 74 1 36 2 21 3 81 4 81 5 34 
0 36 1 27 2 4 3 82 4 43 5 78 
0 49 1 79 2 100 3 75 4 27 5 91 
0 40 1 22 2 78 3 26 4 35 5 41 
0 60 1 35 2 76 3 40 4 14 5 6 
0 70 1 91 2 10 3 58 4 49 5 69 
0 86 1 40 2 22 3 6 4 3 5 42 
0 23 1 80 2 5 3 100 4 22 5 96 
0 5 1 96 2 82 3 35 4 36 5 44 
0 71 1 4 2 56 3 17 4 18 5 90 
0 18 1 95 2 19 3 74 4 25 5 32 
0 63 1 91 2 75 3 73 4 85 5 20 
0 69 1 74 2 72 3 47 4 18 5 62 
0 14 1 66 2 32 3 52 4 58 5 10 
0 58 1 99 2 30 3 21 4 8 5 60 
0 1 1 12 2 55 3 7 4 61 5 12 
0 52 1 74 2 64 3 46 4 4 5 44 
0 1 1 97 2 53 3 1 4 81 5 32 
0 6 1 55 2 76 3 12 4 7 5 15 
0 58 1 20 2 2 3 64 4 51 5 39 
0 60 1 66 2 33 3 100 4 18 5 81 
0 71 1 49 2 24 3 56 4 91 5 62 
0 47 1 49 2 46 3 70 4 32 5 75 
0 46 1 55 2 82 3 10 4 6 5 96 
0 33 1 64 2 88 3 97 4 33 5 70 
0 83 1 87 2 58 3 77 4 30 5 68 
0 31 1 67 2 63 3 49 4 53 5 59 
0 94 1 32 2 2 3 6 4 69 5 35 
0 72 1 15 2 11 3 23 4 30 5 54 
0 85 1 100 2 89 3 22 4 80 5 8 
0 19 1 15 2 60 3 57 4 41 5 96 
