50 8
0 7 1 83 2 63 3 69 4 98 5 43 6 20 7 95 
0 61 1 87 2 32 3 4 4 75 5 41 6 55 7 5 
0 82 1 51 2 45 3 90 4 88 5 34 6 33 7 51 
0 10 1 25 2 53 3 26 4 83 5 86 6 4 7 64 
0 13 1 12 2 90 3 69 4 83 5 49 6 95 7 73 
0 50 1 44 2 69 3 36 4 88 5 34 6 64 7 89 
0 56 1 5 2 48 3 49 4 15 5 96 6 86 7 18 
0 37 1 73 2 70 3 37 4 91 5 13 6 100 7 29 
0 62 1 79 2 47 3 81 4 5 5 2 6 57 7 63 
0 96 1 34 2 78 3 26 4 56 5 23 6 15 7 15 
0 53 1 38 2 81 3 36 4 95 5 4 6 36 7 81 
0 78 1 96 2 23 3 10 4 25 5 45 6 10 7 45 
0 15 1 5 2 44 3 46 4 67 5 97 6 36 7 28 
0 52 1 73 2 54 3 98 4 62 5 16 6 100 7 76 
0 74 1 84 2 59 3 18 4 6 5 96 6 25 7 90 
0 39 1 47 2 44 3 52 4 5 5 19 6 97 7 17 
0 38 1 17 2 35 3 64 4 31 5 89 6 80 7 28 
0 42 1 20 2 56 3 98 4 6 5 65 6 80 7 89 
0 40 1 89 2 57 3 61 4 51 5 37 6 72 7 5 
0 21 1 30 2 28 3 37 4 37 5 1 6 66 7 46 
0 4 1 15 2 2 3 71 4 12 5 37 6 31 7 94 
0 97 1 13 2 3 3 27 4 19 5 100 6 89 7 42 
0 89 1 82 2 70 3 80 4 80 5 55 6 84 7 26 
0 82 1 59 2 58 3 15 4 30 5 92 6 86 7 6 
0 70 1 50 2 3 3 36 4 37 5 34 6 67 7 42 
0 86 1 26 2 53 3 63 4 39 5 40 6 55 7 66 
0 16 1 91 2 3 3 84 4 39 5 15 6 99 7 66 
0 33 1 48 2 74 3 36 4 37 5 77 6 33 7 95 
0 99 1 50 2 68 3 23 4 12 5 78 6 76 7 93 
0 14 1 14 2 18 3 56 4 60 5 83 6 69 7 75 
0 82 1 21 2 50 3 55 4 17 5 65 6 37 7 95 
0 47 1 95 2 72 3 91 4 51 5 40 6 93 7 83 
0 63 1 19 2 76 3 44 4 50 5 4 6 68 7 30 
0 58 1 32 2 72 3 99 4 22 5 87 6 44 7 69 
0 74 1 69 2 37 3 83 4 66 5 71 6 59 7 13 
0 27 1 20 2 86 3 13 4 78 5 3 6 20 7 49 
0 56 1 28 2 24 3 76 4 87 5 15 6 39 7 74 
0 41 1 77 2 4 3 63 4 35 5 97 6 45 7 42 
0 65 1 44 2 82 3 49 4 28 5 98 6 77 7 76 
0 50 1 62 2 71 3 13 4 78 5 69 6 38 7 71 
0 17 1 89 2 49 3 70 4 96 5 13 6 63 7 80 
0 34 1 3 2 85 3 27 4 75 5 85 6 67 7 92 
0 36 1 59 2 91 3 41 4 18 5 72 6 24 7 65 
0 71 1 92 2 3 3 90 4 23 5 12 6 96 7 94 
0 77 1 84 2 51 3 74 4 11 5 69 6 69 7 20 
0 55 1 61 2 69 3 62 4 22 5 3 6 89 7 37 
0 56 1 10 2 83 3 30 4 88 5 27 6 18 7 71 
0 26 1 9 2 8 3 73 4 43 5 22 6 92 7 3 
0 46 1 50 2 32 3 49 4 77 5 26 6 85 7 19 
0 50 1 32 2 53 3 68 4 78 5 39 6 14 7 83 
