50 11
0 73 1 1 2 64 3 95 4 55 5 78 6 72 7 21 8 24 9 81 10 68 
0 78 1 31 2 98 3 47 4 28 5 68 6 73 7 17 8 98 9 35 10 97 
0 69 1 65 2 15 3 34 4 2 5 32 6 36 7 31 8 46 9 51 10 58 
0 62 1 33 2 37 3 10 4 70 5 12 6 1 7 86 8 76 9 52 10 90 
0 54 1 77 2 5 3 62 4 67 5 71 6 77 7 76 8 7 9 76 10 27 
0 44 1 20 2 74 3 38 4 61 5 77 6 47 7 28 8 9 9 40 10 21 
0 97 1 62 2 96 3 15 4 94 5 16 6 76 7 94 8 4 9 8 10 65 
0 41 1 52 2 93 3 72 4 80 5 73 6 36 7 55 8 99 9 2 10 73 
0 6 1 20 2 31 3 92 4 66 5 35 6 68 7 17 8 32 9 38 10 78 
0 22 1 18 2 66 3 13 4 20 5 61 6 13 7 24 8 57 9 11 10 65 
0 41 1 90 2 36 3 3 4 67 5 89 6 30 7 91 8 46 9 29 10 38 
0 8 1 50 2 81 3 48 4 87 5 62 6 65 7 31 8 10 9 9 10 99 
0 45 1 5 2 27 3 11 4 56 5 2 6 10 7 66 8 71 9 72 10 97 
0 41 1 71 2 64 3 52 4 18 5 2 6 73 7 43 8 32 9 5 10 2 
0 23 1 13 2 57 3 28 4 59 5 13 6 81 7 34 8 26 9 87 10 41 
0 77 1 11 2 4 3 15 4 18 5 28 6 57 7 74 8 70 9 74 10 95 
0 83 1 97 2 90 3 27 4 83 5 49 6 14 7 75 8 44 9 6 10 53 
0 10 1 72 2 84 3 50 4 29 5 82 6 67 7 54 8 63 9 20 10 4 
0 7 1 50 2 95 3 63 4 63 5 13 6 57 7 21 8 75 9 39 10 35 
0 10 1 74 2 10 3 98 4 53 5 55 6 32 7 96 8 58 9 74 10 84 
0 28 1 94 2 19 3 80 4 5 5 16 6 46 7 80 8 96 9 1 10 99 
0 14 1 76 2 100 3 30 4 95 5 98 6 83 7 14 8 91 9 15 10 59 
0 78 1 74 2 10 3 26 4 17 5 1 6 92 7 71 8 24 9 67 10 9 
0 15 1 67 2 47 3 12 4 60 5 69 6 4 7 73 8 75 9 74 10 7 
0 100 1 32 2 80 3 32 4 1 5 67 6 23 7 96 8 79 9 53 10 46 
0 60 1 58 2 43 3 51 4 98 5 98 6 75 7 89 8 59 9 67 10 13 
0 36 1 67 2 44 3 71 4 94 5 74 6 74 7 92 8 86 9 72 10 13 
0 26 1 84 2 15 3 16 4 73 5 5 6 68 7 28 8 99 9 45 10 54 
0 17 1 40 2 84 3 10 4 56 5 23 6 78 7 52 8 88 9 79 10 57 
0 96 1 60 2 34 3 82 4 98 5 49 6 94 7 51 8 32 9 93 10 41 
0 29 1 47 2 70 3 10 4 71 5 82 6 64 7 64 8 50 9 63 10 71 
0 77 1 75 2 75 3 23 4 100 5 66 6 33 7 72 8 67 9 22 10 11 
0 92 1 97 2 44 3 34 4 33 5 69 6 66 7 59 8 8 9 86 10 39 
0 59 1 48 2 90 3 8 4 31 5 74 6 45 7 64 8 74 9 49 10 22 
0 83 1 47 2 96 3 70 4 76 5 79 6 70 7 44 8 63 9 45 10 22 
0 65 1 22 2 50 3 36 4 5 5 7 6 17 7 33 8 2 9 33 10 77 
0 51 1 100 2 39 3 31 4 35 5 9 6 70 7 42 8 1 9 53 10 26 
0 2 1 35 2 85 3 18 4 38 5 28 6 28 7 9 8 84 9 44 10 44 
0 51 1 8 2 88 3 17 4 32 5 48 6 44 7 23 8 55 9 17 10 62 
0 37 1 73 2 36 3 67 4 69 5 50 6 45 7 12 8 24 9 37 10 91 
0 24 1 44 2 43 3 80 4 76 5 85 6 98 7 11 8 60 9 39 10 88 
0 23 1 59 2 93 3 15 4 70 5 51 6 43 7 36 8 88 9 8 10 59 
0 45 1 2 2 12 3 48 4 59 5 48 6 70 7 35 8 79 9 87 10 62 
0 28 1 27 2 36 3 60 4 7 5 26 6 6 7 19 8 39 9 50 10 47 
0 67 1 46 2 11 3 79 4 14 5 69 6 91 7 63 8 78 9 64 10 25 
0 3 1 66 2 69 3 46 4 51 5 97 6 39 7 16 8 94 9 80 10 18 
0 18 1 95 2 85 3 94 4 91 5 81 6 9 7 38 8 76 9 68 10 80 
0 100 1 53 2 43 3 59 4 84 5 34 6 40 7 14 8 49 9 29 10 28 
0 30 1 21 2 8 3 53 4 31 5 67 6 39 7 89 8 46 9 5 10 61 
0 25 1 52 2 34 3 35 4 13 5 93 6 30 7 34 8 24 9 8 10 77 
