50 3
0 6 1 62 2 2 
0 48 1 50 2 27 
0 26 1 87 2 38 
0 82 1 81 2 27 
0 87 1 97 2 71 
0 46 1 31 2 92 
0 41 1 71 2 68 
0 19 1 1 2 78 
0 62 1 23 2 87 
0 61 1 4 2 5 
0 73 1 79 2 29 
0 42 1 70 2 28 
0 10 1 27 2 3 
0 12 1 18 2 72 
0 64 1 65 2 12 
0 79 1 37 2 5 
0 42 1 17 2 71 
0 15 1 52 2 82 
0 12 1 80 2 19 
0 12 1 27 2 86 
0 94 1 49 2 37 
0 72 1 92 2 9 
0 52 1 74 2 39 
0 6 1 78 2 46 
0 46 1 97 2 100 
0 98 1 55 2 79 
0 61 1 7 2 55 
0 3 1 84 2 99 
0 26 1 9 2 57 
0 63 1 78 2 50 
0 43 1 94 2 48 
0 38 1 97 2 87 
0 8 1 15 2 66 
0 2 1 18 2 96 
0 67 1 87 2 35 
0 56 1 93 2 83 
0 51 1 93 2 63 
0 76 1 6 2 25 
0 13 1 31 2 22 
0 84 1 60 2 81 
0 89 1 97 2 48 
0 72 1 67 2 6 
0 11 1 54 2 43 
0 54 1 100 2 51 
0 82 1 31 2 35 
0 32 1 21 2 59 
0 9 1 49 2 99 
0 75 1 54 2 99 
0 1 1 66 2 70 
0 49 1 24 2 57 
