50 3
0 49 1 15 2 32 
0 81 1 17 2 16 
0 44 1 45 2 43 
0 73 1 47 2 78 
0 92 1 79 2 49 
0 68 1 83 2 1 
0 30 1 2 2 81 
0 38 1 70 2 53 
0 19 1 86 2 21 
0 67 1 43 2 55 
0 17 1 39 2 59 
0 28 1 74 2 14 
0 56 1 55 2 18 
0 94 1 84 2 5 
0 60 1 59 2 96 
0 34 1 25 2 9 
0 9 1 16 2 93 
0 40 1 67 2 51 
0 22 1 27 2 17 
0 44 1 80 2 12 
0 74 1 55 2 61 
0 63 1 93 2 66 
0 36 1 20 2 18 
0 63 1 72 2 3 
0 22 1 56 2 39 
0 21 1 96 2 26 
0 94 1 77 2 47 
0 52 1 83 2 47 
0 2 1 50 2 90 
0 88 1 24 2 88 
0 59 1 57 2 17 
0 15 1 96 2 36 
0 45 1 32 2 23 
0 44 1 60 2 58 
0 20 1 9 2 30 
0 64 1 51 2 99 
0 55 1 11 2 94 
0 20 1 30 2 5 
0 33 1 50 2 76 
0 86 1 100 2 33 
0 83 1 93 2 89 
0 83 1 14 2 56 
0 39 1 75 2 95 
0 28 1 51 2 66 
0 24 1 95 2 20 
0 78 1 79 2 95 
0 21 1 65 2 69 
0 39 1 67 2 53 
0 86 1 16 2 33 
0 81 1 87 2 82 
