50 19
0 74 1 70 2 33 3 95 4 1 5 84 6 1 7 6 8 22 9 87 10 29 11 85 12 11 13 70 14 30 15 51 16 11 17 51 18 12 
0 29 1 11 2 52 3 47 4 86 5 16 6 82 7 53 8 49 9 96 10 59 11 49 12 94 13 57 14 37 15 76 16 100 17 29 18 48 
0 45 1 79 2 3 3 100 4 46 5 5 6 24 7 72 8 52 9 78 10 52 11 53 12 69 13 72 14 76 15 44 16 11 17 32 18 47 
0 26 1 92 2 3 3 18 4 20 5 67 6 75 7 18 8 15 9 40 10 98 11 21 12 73 13 10 14 63 15 15 16 6 17 24 18 36 
0 79 1 97 2 4 3 32 4 24 5 43 6 56 7 64 8 83 9 38 10 13 11 26 12 100 13 81 14 27 15 68 16 54 17 27 18 71 
0 57 1 20 2 30 3 22 4 15 5 100 6 96 7 28 8 10 9 32 10 78 11 55 12 3 13 58 14 66 15 99 16 14 17 97 18 46 
0 77 1 64 2 52 3 85 4 59 5 85 6 87 7 57 8 43 9 30 10 25 11 48 12 51 13 45 14 10 15 82 16 22 17 70 18 63 
0 14 1 86 2 61 3 66 4 67 5 81 6 43 7 44 8 58 9 11 10 46 11 42 12 86 13 96 14 65 15 33 16 32 17 100 18 78 
0 85 1 71 2 76 3 93 4 65 5 97 6 87 7 10 8 14 9 49 10 68 11 62 12 9 13 95 14 6 15 67 16 64 17 62 18 90 
0 75 1 12 2 30 3 24 4 95 5 31 6 51 7 72 8 58 9 98 10 2 11 24 12 59 13 2 14 84 15 30 16 66 17 64 18 55 
0 80 1 30 2 16 3 55 4 6 5 81 6 62 7 56 8 57 9 36 10 3 11 39 12 2 13 15 14 6 15 91 16 73 17 78 18 57 
0 66 1 15 2 71 3 80 4 13 5 17 6 49 7 35 8 62 9 29 10 72 11 79 12 70 13 62 14 52 15 37 16 28 17 26 18 51 
0 23 1 97 2 56 3 5 4 89 5 40 6 55 7 72 8 54 9 6 10 57 11 28 12 67 13 91 14 31 15 7 16 12 17 57 18 33 
0 99 1 89 2 31 3 91 4 98 5 56 6 73 7 61 8 17 9 29 10 85 11 13 12 27 13 9 14 4 15 32 16 30 17 96 18 67 
0 24 1 98 2 86 3 38 4 95 5 39 6 72 7 81 8 35 9 35 10 4 11 17 12 50 13 3 14 39 15 19 16 65 17 41 18 92 
0 96 1 43 2 45 3 31 4 52 5 98 6 74 7 95 8 58 9 50 10 9 11 61 12 31 13 43 14 18 15 65 16 73 17 85 18 71 
0 19 1 10 2 42 3 37 4 69 5 55 6 44 7 29 8 26 9 60 10 35 11 14 12 94 13 79 14 74 15 94 16 32 17 36 18 92 
0 19 1 31 2 78 3 7 4 80 5 87 6 26 7 45 8 57 9 1 10 72 11 98 12 22 13 25 14 22 15 47 16 82 17 86 18 100 
0 7 1 34 2 8 3 66 4 97 5 83 6 5 7 20 8 12 9 82 10 20 11 25 12 89 13 21 14 14 15 44 16 95 17 15 18 35 
0 44 1 69 2 78 3 20 4 95 5 81 6 75 7 24 8 77 9 72 10 50 11 9 12 67 13 25 14 10 15 62 16 91 17 83 18 62 
0 76 1 14 2 71 3 1 4 46 5 34 6 44 7 83 8 68 9 14 10 97 11 9 12 83 13 94 14 98 15 94 16 76 17 48 18 39 
0 54 1 76 2 69 3 44 4 26 5 44 6 9 7 52 8 45 9 80 10 33 11 32 12 91 13 15 14 61 15 53 16 95 17 78 18 21 
0 31 1 7 2 50 3 7 4 25 5 49 6 50 7 43 8 92 9 60 10 89 11 62 12 71 13 72 14 18 15 46 16 74 17 55 18 23 
0 82 1 41 2 98 3 16 4 21 5 42 6 12 7 43 8 18 9 38 10 55 11 43 12 41 13 60 14 3 15 83 16 100 17 18 18 94 
0 22 1 47 2 21 3 67 4 73 5 21 6 44 7 70 8 55 9 74 10 16 11 17 12 73 13 57 14 24 15 68 16 87 17 7 18 77 
0 4 1 5 2 17 3 45 4 94 5 40 6 96 7 2 8 70 9 44 10 2 11 30 12 37 13 70 14 88 15 12 16 14 17 27 18 7 
0 49 1 90 2 33 3 16 4 20 5 4 6 93 7 75 8 35 9 18 10 28 11 85 12 18 13 68 14 43 15 18 16 42 17 61 18 27 
0 82 1 12 2 6 3 85 4 89 5 2 6 56 7 40 8 5 9 56 10 100 11 79 12 23 13 66 14 52 15 51 16 52 17 42 18 32 
0 87 1 37 2 29 3 79 4 7 5 35 6 68 7 82 8 86 9 9 10 94 11 56 12 70 13 66 14 78 15 19 16 89 17 53 18 3 
0 7 1 58 2 59 3 59 4 60 5 24 6 60 7 34 8 47 9 68 10 87 11 44 12 1 13 12 14 93 15 92 16 51 17 49 18 33 
0 23 1 83 2 55 3 18 4 81 5 93 6 46 7 77 8 66 9 73 10 1 11 44 12 29 13 17 14 50 15 41 16 91 17 82 18 79 
0 7 1 75 2 78 3 31 4 86 5 20 6 86 7 15 8 33 9 81 10 79 11 78 12 55 13 59 14 45 15 100 16 58 17 25 18 51 
0 57 1 16 2 71 3 28 4 81 5 28 6 90 7 12 8 31 9 22 10 54 11 15 12 9 13 10 14 8 15 87 16 49 17 45 18 56 
0 90 1 83 2 78 3 100 4 97 5 64 6 83 7 23 8 54 9 90 10 27 11 40 12 11 13 36 14 4 15 38 16 10 17 78 18 68 
0 20 1 50 2 100 3 51 4 50 5 60 6 63 7 11 8 87 9 46 10 92 11 37 12 9 13 85 14 15 15 6 16 88 17 84 18 51 
0 64 1 59 2 60 3 71 4 86 5 25 6 49 7 37 8 53 9 61 10 86 11 74 12 60 13 96 14 29 15 69 16 65 17 81 18 61 
0 1 1 86 2 92 3 89 4 45 5 75 6 87 7 72 8 79 9 5 10 31 11 1 12 45 13 67 14 59 15 91 16 38 17 50 18 84 
0 96 1 72 2 6 3 95 4 20 5 52 6 39 7 59 8 54 9 83 10 15 11 49 12 34 13 26 14 78 15 7 16 34 17 8 18 50 
0 75 1 2 2 27 3 84 4 3 5 98 6 50 7 31 8 80 9 26 10 75 11 52 12 89 13 91 14 85 15 29 16 19 17 75 18 96 
0 78 1 13 2 13 3 45 4 24 5 9 6 58 7 8 8 4 9 64 10 97 11 87 12 15 13 92 14 53 15 21 16 100 17 67 18 27 
0 6 1 20 2 8 3 82 4 32 5 9 6 31 7 20 8 11 9 31 10 50 11 25 12 31 13 14 14 5 15 94 16 73 17 21 18 45 
0 16 1 5 2 82 3 87 4 54 5 10 6 16 7 41 8 41 9 11 10 85 11 53 12 67 13 94 14 61 15 19 16 61 17 10 18 58 
0 9 1 15 2 21 3 19 4 50 5 30 6 97 7 20 8 66 9 42 10 79 11 85 12 9 13 63 14 99 15 35 16 35 17 46 18 96 
0 77 1 69 2 34 3 96 4 53 5 13 6 48 7 23 8 70 9 17 10 92 11 64 12 64 13 59 14 87 15 73 16 52 17 15 18 39 
0 12 1 54 2 45 3 94 4 14 5 54 6 13 7 41 8 93 9 24 10 83 11 83 12 91 13 97 14 18 15 61 16 76 17 74 18 89 
0 17 1 34 2 7 3 32 4 55 5 85 6 83 7 14 8 46 9 67 10 31 11 21 12 94 13 20 14 56 15 6 16 51 17 32 18 10 
0 27 1 87 2 20 3 66 4 23 5 7 6 18 7 86 8 78 9 86 10 50 11 71 12 39 13 14 14 61 15 43 16 11 17 29 18 48 
0 82 1 47 2 34 3 1 4 39 5 100 6 43 7 43 8 91 9 4 10 77 11 46 12 71 13 50 14 48 15 84 16 4 17 89 18 81 
0 72 1 88 2 44 3 43 4 97 5 8 6 46 7 82 8 53 9 82 10 68 11 74 12 77 13 17 14 85 15 62 16 98 17 8 18 8 
0 54 1 59 2 7 3 18 4 74 5 87 6 15 7 2 8 62 9 72 10 19 11 47 12 59 13 91 14 98 15 69 16 68 17 35 18 39 
