50 20
0 47 1 49 2 45 3 90 4 99 5 21 6 89 7 46 8 50 9 20 10 22 11 38 12 67 13 48 14 71 15 90 16 79 17 17 18 61 19 44 
0 62 1 46 2 49 3 41 4 76 5 97 6 91 7 98 8 11 9 44 10 36 11 14 12 6 13 30 14 13 15 90 16 3 17 2 18 36 19 5 
0 29 1 31 2 38 3 97 4 58 5 20 6 77 7 86 8 98 9 86 10 60 11 22 12 25 13 78 14 29 15 66 16 19 17 77 18 31 19 67 
0 55 1 79 2 70 3 48 4 46 5 34 6 10 7 18 8 54 9 40 10 93 11 17 12 87 13 88 14 67 15 7 16 73 17 60 18 100 19 74 
0 42 1 84 2 30 3 86 4 85 5 22 6 44 7 1 8 75 9 55 10 85 11 8 12 66 13 51 14 93 15 68 16 61 17 36 18 74 19 78 
0 9 1 19 2 21 3 95 4 75 5 88 6 1 7 83 8 85 9 37 10 41 11 22 12 12 13 39 14 52 15 73 16 89 17 34 18 36 19 74 
0 69 1 93 2 72 3 37 4 88 5 95 6 23 7 55 8 89 9 31 10 37 11 61 12 38 13 9 14 40 15 36 16 99 17 36 18 42 19 87 
0 10 1 3 2 79 3 5 4 49 5 49 6 94 7 88 8 96 9 37 10 20 11 71 12 69 13 45 14 83 15 58 16 61 17 11 18 13 19 63 
0 34 1 64 2 96 3 56 4 91 5 13 6 16 7 74 8 99 9 28 10 71 11 80 12 24 13 65 14 51 15 90 16 26 17 20 18 77 19 42 
0 78 1 22 2 46 3 28 4 89 5 40 6 18 7 31 8 55 9 98 10 73 11 73 12 31 13 29 14 87 15 70 16 43 17 6 18 52 19 61 
0 90 1 71 2 95 3 54 4 5 5 39 6 43 7 82 8 77 9 64 10 99 11 5 12 65 13 73 14 12 15 86 16 71 17 74 18 51 19 42 
0 82 1 49 2 40 3 51 4 22 5 47 6 46 7 40 8 65 9 23 10 88 11 66 12 65 13 44 14 82 15 83 16 25 17 78 18 31 19 78 
0 100 1 68 2 88 3 4 4 10 5 94 6 20 7 91 8 47 9 3 10 68 11 94 12 68 13 39 14 26 15 96 16 16 17 49 18 63 19 3 
0 39 1 72 2 39 3 66 4 74 5 26 6 10 7 27 8 53 9 44 10 33 11 49 12 76 13 85 14 98 15 92 16 47 17 98 18 20 19 10 
0 45 1 34 2 70 3 11 4 31 5 93 6 25 7 1 8 93 9 99 10 32 11 14 12 83 13 85 14 95 15 4 16 72 17 64 18 22 19 79 
0 96 1 42 2 31 3 85 4 74 5 53 6 76 7 57 8 10 9 10 10 88 11 95 12 67 13 73 14 73 15 75 16 73 17 72 18 88 19 83 
0 40 1 79 2 92 3 68 4 71 5 58 6 45 7 50 8 57 9 50 10 95 11 20 12 51 13 82 14 54 15 24 16 89 17 81 18 16 19 66 
0 98 1 7 2 89 3 62 4 23 5 23 6 19 7 46 8 15 9 73 10 57 11 7 12 72 13 22 14 96 15 68 16 100 17 81 18 73 19 3 
0 51 1 29 2 90 3 20 4 32 5 92 6 66 7 87 8 63 9 48 10 100 11 68 12 59 13 53 14 71 15 39 16 30 17 12 18 4 19 96 
0 13 1 62 2 31 3 18 4 49 5 76 6 9 7 55 8 54 9 26 10 62 11 92 12 75 13 100 14 14 15 74 16 44 17 21 18 86 19 35 
0 88 1 62 2 48 3 35 4 64 5 28 6 58 7 78 8 28 9 21 10 53 11 88 12 53 13 33 14 99 15 87 16 57 17 100 18 52 19 98 
0 55 1 97 2 19 3 72 4 73 5 1 6 4 7 11 8 45 9 66 10 90 11 43 12 69 13 50 14 26 15 75 16 47 17 1 18 35 19 85 
0 59 1 3 2 50 3 57 4 72 5 7 6 88 7 75 8 59 9 57 10 76 11 88 12 78 13 38 14 18 15 74 16 74 17 23 18 69 19 54 
0 31 1 98 2 69 3 1 4 97 5 1 6 43 7 37 8 48 9 14 10 40 11 2 12 91 13 11 14 17 15 89 16 53 17 5 18 89 19 94 
0 35 1 2 2 28 3 97 4 78 5 62 6 63 7 64 8 18 9 15 10 35 11 47 12 95 13 100 14 94 15 44 16 17 17 37 18 66 19 22 
0 30 1 77 2 64 3 85 4 50 5 50 6 99 7 33 8 67 9 41 10 60 11 22 12 23 13 67 14 77 15 8 16 41 17 65 18 16 19 65 
0 30 1 91 2 88 3 79 4 94 5 31 6 100 7 86 8 38 9 18 10 68 11 70 12 37 13 49 14 62 15 86 16 68 17 29 18 97 19 68 
0 53 1 39 2 75 3 31 4 75 5 36 6 94 7 74 8 73 9 47 10 21 11 67 12 1 13 27 14 74 15 22 16 2 17 46 18 100 19 95 
0 44 1 65 2 4 3 71 4 98 5 60 6 11 7 2 8 87 9 28 10 46 11 29 12 63 13 93 14 76 15 13 16 84 17 15 18 37 19 37 
0 76 1 96 2 85 3 35 4 50 5 48 6 16 7 65 8 47 9 75 10 42 11 17 12 2 13 7 14 6 15 40 16 72 17 38 18 97 19 2 
0 55 1 8 2 88 3 6 4 45 5 12 6 13 7 41 8 39 9 49 10 62 11 97 12 56 13 17 14 1 15 80 16 89 17 83 18 93 19 27 
0 19 1 65 2 100 3 83 4 8 5 43 6 83 7 75 8 29 9 76 10 75 11 88 12 47 13 13 14 38 15 51 16 20 17 62 18 87 19 68 
0 79 1 54 2 75 3 86 4 29 5 76 6 30 7 60 8 88 9 68 10 16 11 56 12 22 13 59 14 34 15 77 16 31 17 38 18 2 19 96 
0 10 1 65 2 98 3 17 4 25 5 30 6 72 7 11 8 16 9 2 10 28 11 36 12 37 13 31 14 60 15 93 16 12 17 73 18 10 19 39 
0 34 1 40 2 19 3 24 4 21 5 97 6 75 7 68 8 89 9 97 10 15 11 67 12 38 13 34 14 26 15 3 16 21 17 23 18 76 19 78 
0 4 1 40 2 33 3 6 4 86 5 21 6 5 7 3 8 96 9 85 10 84 11 33 12 30 13 53 14 97 15 51 16 55 17 78 18 76 19 29 
0 47 1 25 2 52 3 53 4 66 5 24 6 77 7 81 8 82 9 11 10 9 11 89 12 10 13 16 14 28 15 87 16 51 17 43 18 42 19 41 
0 50 1 78 2 49 3 6 4 76 5 65 6 4 7 57 8 14 9 23 10 64 11 56 12 3 13 51 14 92 15 94 16 79 17 2 18 5 19 33 
0 77 1 41 2 50 3 54 4 32 5 36 6 72 7 51 8 79 9 67 10 33 11 75 12 70 13 10 14 66 15 83 16 62 17 69 18 60 19 100 
0 76 1 11 2 97 3 46 4 55 5 9 6 3 7 8 8 77 9 6 10 5 11 55 12 17 13 21 14 20 15 49 16 51 17 59 18 74 19 27 
0 9 1 45 2 58 3 28 4 9 5 91 6 20 7 42 8 76 9 59 10 86 11 13 12 37 13 28 14 98 15 35 16 80 17 42 18 53 19 66 
0 64 1 3 2 94 3 13 4 32 5 23 6 10 7 28 8 59 9 15 10 86 11 66 12 17 13 96 14 82 15 26 16 33 17 16 18 30 19 60 
0 91 1 42 2 93 3 45 4 75 5 36 6 78 7 97 8 78 9 46 10 49 11 18 12 80 13 79 14 43 15 94 16 94 17 51 18 76 19 30 
0 55 1 20 2 94 3 50 4 1 5 49 6 65 7 53 8 51 9 43 10 91 11 2 12 58 13 59 14 86 15 82 16 96 17 68 18 75 19 1 
0 88 1 74 2 46 3 29 4 77 5 19 6 30 7 10 8 79 9 85 10 72 11 7 12 70 13 70 14 10 15 31 16 60 17 28 18 22 19 82 
0 21 1 73 2 60 3 10 4 39 5 8 6 21 7 42 8 78 9 68 10 29 11 55 12 2 13 22 14 89 15 48 16 89 17 66 18 42 19 24 
0 24 1 93 2 26 3 24 4 79 5 85 6 9 7 42 8 42 9 59 10 44 11 77 12 82 13 13 14 40 15 77 16 14 17 4 18 80 19 27 
0 17 1 84 2 60 3 63 4 2 5 2 6 56 7 29 8 53 9 86 10 71 11 59 12 51 13 83 14 85 15 84 16 27 17 46 18 57 19 43 
0 23 1 25 2 94 3 76 4 24 5 45 6 21 7 72 8 67 9 75 10 11 11 2 12 21 13 76 14 36 15 65 16 67 17 63 18 78 19 92 
0 12 1 46 2 81 3 75 4 62 5 97 6 60 7 38 8 26 9 29 10 84 11 93 12 34 13 3 14 92 15 88 16 2 17 11 18 12 19 21 
