50 8
0 74 1 26 2 38 3 82 4 76 5 66 6 40 7 53 
0 49 1 90 2 23 3 56 4 76 5 4 6 74 7 85 
0 75 1 76 2 42 3 4 4 9 5 49 6 66 7 64 
0 45 1 78 2 55 3 98 4 53 5 18 6 89 7 83 
0 38 1 25 2 17 3 20 4 44 5 7 6 4 7 78 
0 5 1 49 2 26 3 14 4 11 5 42 6 77 7 26 
0 75 1 24 2 42 3 50 4 26 5 38 6 61 7 75 
0 90 1 9 2 86 3 66 4 43 5 24 6 31 7 63 
0 73 1 7 2 26 3 48 4 93 5 80 6 88 7 2 
0 58 1 38 2 1 3 76 4 24 5 90 6 57 7 40 
0 99 1 75 2 80 3 72 4 44 5 36 6 68 7 90 
0 13 1 97 2 58 3 92 4 33 5 3 6 62 7 50 
0 57 1 8 2 29 3 22 4 78 5 62 6 29 7 39 
0 100 1 50 2 37 3 69 4 42 5 70 6 66 7 56 
0 82 1 3 2 35 3 83 4 72 5 40 6 93 7 59 
0 59 1 11 2 28 3 53 4 80 5 37 6 13 7 31 
0 77 1 4 2 39 3 16 4 78 5 40 6 95 7 11 
0 88 1 97 2 9 3 100 4 70 5 74 6 10 7 24 
0 97 1 46 2 55 3 25 4 54 5 13 6 84 7 7 
0 24 1 92 2 96 3 37 4 42 5 23 6 38 7 64 
0 36 1 65 2 23 3 14 4 26 5 37 6 27 7 52 
0 52 1 57 2 78 3 37 4 81 5 85 6 77 7 76 
0 59 1 24 2 18 3 77 4 73 5 25 6 49 7 69 
0 83 1 97 2 68 3 27 4 3 5 85 6 92 7 62 
0 43 1 17 2 30 3 87 4 2 5 57 6 57 7 99 
0 2 1 66 2 83 3 91 4 32 5 57 6 3 7 64 
0 45 1 72 2 46 3 73 4 66 5 59 6 73 7 25 
0 3 1 31 2 95 3 11 4 55 5 16 6 23 7 48 
0 67 1 72 2 57 3 70 4 97 5 62 6 12 7 95 
0 9 1 81 2 8 3 93 4 84 5 42 6 68 7 4 
0 34 1 65 2 66 3 24 4 78 5 92 6 25 7 20 
0 7 1 62 2 25 3 24 4 77 5 67 6 64 7 42 
0 21 1 73 2 56 3 47 4 5 5 9 6 94 7 81 
0 32 1 98 2 68 3 71 4 26 5 20 6 38 7 79 
0 16 1 18 2 36 3 60 4 33 5 56 6 38 7 15 
0 54 1 99 2 32 3 60 4 24 5 71 6 37 7 42 
0 7 1 48 2 10 3 9 4 45 5 82 6 95 7 93 
0 63 1 83 2 8 3 83 4 39 5 25 6 2 7 46 
0 59 1 56 2 96 3 75 4 23 5 72 6 79 7 42 
0 31 1 33 2 48 3 49 4 72 5 80 6 10 7 64 
0 85 1 16 2 86 3 72 4 53 5 94 6 89 7 8 
0 31 1 36 2 84 3 6 4 63 5 18 6 64 7 95 
0 90 1 11 2 19 3 39 4 44 5 55 6 69 7 100 
0 91 1 38 2 58 3 59 4 59 5 81 6 43 7 78 
0 28 1 46 2 29 3 85 4 12 5 2 6 28 7 89 
0 71 1 48 2 24 3 62 4 18 5 88 6 25 7 93 
0 5 1 81 2 6 3 57 4 17 5 25 6 72 7 48 
0 40 1 39 2 24 3 53 4 23 5 10 6 9 7 50 
0 17 1 11 2 73 3 65 4 75 5 3 6 52 7 2 
0 46 1 20 2 13 3 81 4 40 5 60 6 72 7 20 
