50 11
0 45 1 78 2 34 3 89 4 76 5 41 6 65 7 9 8 42 9 32 10 57 
0 27 1 29 2 35 3 79 4 90 5 17 6 99 7 12 8 65 9 28 10 3 
0 65 1 34 2 49 3 19 4 78 5 96 6 38 7 30 8 73 9 71 10 74 
0 30 1 25 2 31 3 55 4 72 5 69 6 2 7 9 8 13 9 83 10 90 
0 57 1 8 2 38 3 7 4 17 5 34 6 10 7 35 8 36 9 95 10 43 
0 47 1 77 2 12 3 36 4 28 5 24 6 33 7 23 8 81 9 51 10 71 
0 3 1 38 2 85 3 90 4 91 5 76 6 49 7 35 8 45 9 76 10 23 
0 10 1 72 2 32 3 19 4 3 5 52 6 98 7 58 8 22 9 69 10 19 
0 61 1 62 2 78 3 100 4 53 5 81 6 38 7 88 8 48 9 52 10 26 
0 85 1 62 2 86 3 28 4 40 5 58 6 25 7 11 8 61 9 91 10 80 
0 65 1 60 2 69 3 40 4 71 5 71 6 80 7 66 8 62 9 78 10 57 
0 85 1 19 2 75 3 53 4 99 5 52 6 71 7 33 8 70 9 64 10 96 
0 13 1 4 2 67 3 64 4 6 5 31 6 4 7 81 8 77 9 17 10 50 
0 99 1 2 2 21 3 33 4 66 5 92 6 72 7 2 8 57 9 57 10 9 
0 47 1 83 2 17 3 76 4 20 5 30 6 73 7 51 8 74 9 53 10 96 
0 86 1 30 2 25 3 94 4 6 5 14 6 78 7 99 8 3 9 97 10 10 
0 2 1 57 2 56 3 43 4 34 5 45 6 5 7 66 8 94 9 79 10 52 
0 44 1 54 2 43 3 70 4 51 5 67 6 90 7 68 8 16 9 44 10 13 
0 7 1 93 2 86 3 48 4 66 5 46 6 76 7 87 8 64 9 53 10 84 
0 24 1 57 2 44 3 14 4 75 5 63 6 69 7 54 8 26 9 49 10 26 
0 75 1 31 2 83 3 55 4 95 5 88 6 55 7 1 8 64 9 61 10 42 
0 68 1 82 2 1 3 28 4 81 5 66 6 39 7 23 8 67 9 29 10 92 
0 15 1 75 2 65 3 95 4 3 5 50 6 4 7 13 8 43 9 57 10 59 
0 6 1 88 2 55 3 19 4 67 5 46 6 29 7 62 8 58 9 50 10 49 
0 90 1 46 2 26 3 40 4 55 5 5 6 15 7 25 8 84 9 92 10 76 
0 41 1 49 2 94 3 84 4 26 5 28 6 39 7 66 8 65 9 78 10 80 
0 52 1 54 2 6 3 47 4 51 5 59 6 42 7 28 8 51 9 24 10 26 
0 76 1 61 2 57 3 93 4 3 5 32 6 64 7 42 8 88 9 38 10 45 
0 52 1 37 2 60 3 25 4 95 5 85 6 10 7 69 8 49 9 33 10 46 
0 63 1 23 2 41 3 14 4 19 5 76 6 21 7 7 8 44 9 12 10 77 
0 97 1 96 2 49 3 56 4 32 5 13 6 1 7 45 8 40 9 12 10 66 
0 13 1 81 2 17 3 72 4 17 5 86 6 1 7 98 8 21 9 17 10 35 
0 32 1 84 2 16 3 26 4 27 5 28 6 40 7 96 8 19 9 60 10 22 
0 40 1 45 2 45 3 66 4 53 5 7 6 96 7 61 8 72 9 5 10 36 
0 68 1 45 2 76 3 85 4 46 5 70 6 28 7 73 8 11 9 12 10 78 
0 12 1 44 2 85 3 38 4 83 5 21 6 63 7 100 8 70 9 90 10 98 
0 86 1 3 2 44 3 32 4 88 5 4 6 95 7 14 8 71 9 14 10 79 
0 71 1 22 2 20 3 5 4 28 5 67 6 44 7 72 8 82 9 81 10 92 
0 44 1 40 2 74 3 64 4 10 5 76 6 92 7 63 8 13 9 93 10 61 
0 50 1 81 2 49 3 91 4 39 5 17 6 97 7 32 8 62 9 53 10 62 
0 88 1 80 2 56 3 8 4 1 5 64 6 76 7 23 8 4 9 18 10 4 
0 5 1 100 2 85 3 65 4 24 5 68 6 92 7 56 8 42 9 77 10 68 
0 77 1 65 2 3 3 57 4 50 5 94 6 73 7 89 8 23 9 34 10 76 
0 55 1 70 2 3 3 61 4 11 5 42 6 61 7 92 8 12 9 59 10 71 
0 87 1 16 2 70 3 19 4 65 5 17 6 84 7 39 8 23 9 70 10 18 
0 11 1 44 2 19 3 82 4 54 5 5 6 27 7 18 8 45 9 11 10 3 
0 58 1 85 2 75 3 24 4 57 5 41 6 81 7 36 8 32 9 74 10 5 
0 91 1 97 2 11 3 84 4 85 5 72 6 60 7 33 8 17 9 63 10 10 
0 78 1 85 2 21 3 30 4 89 5 69 6 95 7 60 8 59 9 47 10 52 
0 15 1 37 2 78 3 37 4 51 5 63 6 14 7 62 8 82 9 26 10 28 
