50 7
0 18 1 75 2 38 3 24 4 80 5 95 6 56 
0 1 1 20 2 68 3 18 4 18 5 83 6 77 
0 10 1 79 2 66 3 83 4 88 5 82 6 74 
0 31 1 45 2 20 3 23 4 64 5 95 6 10 
0 61 1 94 2 38 3 63 4 99 5 77 6 90 
0 11 1 11 2 9 3 92 4 48 5 26 6 56 
0 59 1 21 2 1 3 49 4 65 5 58 6 47 
0 82 1 61 2 47 3 39 4 2 5 65 6 79 
0 35 1 60 2 80 3 80 4 10 5 44 6 25 
0 75 1 73 2 43 3 96 4 66 5 4 6 39 
0 50 1 31 2 100 3 66 4 77 5 41 6 62 
0 59 1 11 2 89 3 81 4 83 5 36 6 19 
0 60 1 51 2 98 3 29 4 69 5 52 6 22 
0 31 1 8 2 95 3 75 4 9 5 26 6 4 
0 17 1 24 2 85 3 85 4 17 5 17 6 8 
0 51 1 28 2 91 3 51 4 77 5 10 6 95 
0 80 1 61 2 94 3 7 4 27 5 27 6 5 
0 71 1 44 2 29 3 14 4 8 5 32 6 5 
0 18 1 23 2 73 3 11 4 68 5 77 6 34 
0 25 1 77 2 71 3 20 4 29 5 94 6 14 
0 95 1 31 2 69 3 96 4 30 5 42 6 93 
0 18 1 21 2 78 3 19 4 80 5 9 6 79 
0 72 1 92 2 92 3 36 4 69 5 82 6 40 
0 67 1 68 2 43 3 57 4 23 5 53 6 68 
0 18 1 59 2 67 3 45 4 34 5 82 6 60 
0 24 1 65 2 75 3 12 4 45 5 75 6 3 
0 96 1 80 2 1 3 82 4 82 5 34 6 93 
0 28 1 76 2 87 3 26 4 9 5 32 6 77 
0 47 1 27 2 47 3 1 4 87 5 9 6 51 
0 25 1 75 2 39 3 57 4 36 5 61 6 86 
0 19 1 4 2 18 3 18 4 84 5 29 6 32 
0 70 1 25 2 100 3 43 4 67 5 100 6 10 
0 9 1 56 2 14 3 98 4 33 5 92 6 8 
0 68 1 13 2 29 3 16 4 63 5 4 6 65 
0 70 1 21 2 88 3 30 4 91 5 86 6 97 
0 56 1 17 2 2 3 71 4 100 5 19 6 91 
0 4 1 7 2 54 3 22 4 100 5 89 6 6 
0 22 1 4 2 34 3 25 4 33 5 76 6 25 
0 39 1 14 2 89 3 84 4 34 5 40 6 41 
0 53 1 23 2 54 3 98 4 82 5 72 6 52 
0 58 1 89 2 14 3 22 4 13 5 77 6 60 
0 43 1 56 2 16 3 16 4 2 5 32 6 40 
0 77 1 97 2 87 3 21 4 7 5 95 6 33 
0 48 1 81 2 33 3 39 4 22 5 51 6 25 
0 60 1 46 2 91 3 67 4 75 5 77 6 98 
0 32 1 83 2 16 3 54 4 38 5 31 6 84 
0 34 1 55 2 77 3 90 4 38 5 44 6 74 
0 80 1 24 2 66 3 73 4 97 5 22 6 72 
0 51 1 40 2 77 3 65 4 20 5 7 6 10 
0 24 1 92 2 63 3 73 4 41 5 78 6 16 
