50 6
0 99 1 22 2 31 3 76 4 51 5 34 
0 78 1 49 2 60 3 56 4 82 5 59 
0 100 1 19 2 10 3 29 4 2 5 63 
0 9 1 61 2 50 3 55 4 27 5 73 
0 22 1 27 2 89 3 99 4 53 5 65 
0 48 1 36 2 43 3 17 4 5 5 78 
0 72 1 89 2 60 3 21 4 78 5 86 
0 68 1 68 2 52 3 35 4 13 5 89 
0 33 1 33 2 53 3 26 4 63 5 19 
0 54 1 38 2 74 3 33 4 35 5 5 
0 72 1 98 2 100 3 65 4 57 5 72 
0 100 1 84 2 7 3 68 4 87 5 30 
0 86 1 26 2 13 3 34 4 10 5 49 
0 85 1 80 2 18 3 75 4 99 5 35 
0 56 1 53 2 82 3 4 4 16 5 67 
0 27 1 4 2 16 3 28 4 42 5 51 
0 68 1 62 2 19 3 58 4 15 5 59 
0 55 1 70 2 58 3 13 4 12 5 48 
0 15 1 92 2 85 3 79 4 83 5 35 
0 40 1 52 2 71 3 62 4 22 5 30 
0 4 1 7 2 57 3 50 4 7 5 71 
0 33 1 48 2 72 3 66 4 73 5 48 
0 65 1 23 2 6 3 92 4 42 5 1 
0 77 1 42 2 96 3 42 4 46 5 28 
0 84 1 34 2 31 3 87 4 53 5 33 
0 8 1 91 2 60 3 51 4 78 5 27 
0 60 1 10 2 32 3 98 4 97 5 68 
0 33 1 99 2 76 3 59 4 33 5 62 
0 14 1 54 2 20 3 69 4 76 5 79 
0 7 1 36 2 5 3 71 4 28 5 21 
0 32 1 71 2 68 3 70 4 54 5 36 
0 97 1 88 2 55 3 97 4 22 5 28 
0 41 1 22 2 27 3 85 4 25 5 23 
0 80 1 72 2 73 3 2 4 51 5 5 
0 73 1 27 2 49 3 30 4 69 5 66 
0 30 1 79 2 40 3 57 4 90 5 54 
0 61 1 72 2 43 3 54 4 32 5 27 
0 83 1 96 2 31 3 8 4 99 5 58 
0 11 1 82 2 51 3 56 4 60 5 98 
0 85 1 86 2 49 3 80 4 45 5 52 
0 43 1 37 2 32 3 70 4 76 5 89 
0 11 1 69 2 9 3 21 4 16 5 60 
0 8 1 31 2 7 3 38 4 51 5 3 
0 68 1 81 2 56 3 63 4 89 5 37 
0 64 1 81 2 69 3 82 4 23 5 17 
0 94 1 68 2 31 3 55 4 88 5 99 
0 23 1 52 2 24 3 42 4 45 5 97 
0 95 1 82 2 18 3 18 4 16 5 43 
0 51 1 83 2 15 3 19 4 62 5 46 
0 74 1 42 2 68 3 1 4 75 5 92 
