50 17
0 49 1 19 2 68 3 20 4 62 5 63 6 65 7 50 8 97 9 60 10 72 11 17 12 35 13 7 14 2 15 21 16 9 
0 83 1 46 2 86 3 20 4 85 5 41 6 98 7 43 8 92 9 53 10 22 11 19 12 14 13 18 14 39 15 6 16 47 
0 59 1 67 2 70 3 48 4 20 5 68 6 82 7 57 8 31 9 61 10 3 11 61 12 33 13 17 14 54 15 44 16 14 
0 95 1 79 2 10 3 95 4 3 5 93 6 96 7 8 8 67 9 85 10 85 11 75 12 43 13 81 14 68 15 39 16 51 
0 95 1 68 2 63 3 62 4 12 5 72 6 78 7 99 8 70 9 25 10 32 11 36 12 23 13 63 14 60 15 78 16 38 
0 22 1 96 2 62 3 5 4 77 5 73 6 36 7 1 8 1 9 72 10 95 11 10 12 65 13 16 14 52 15 48 16 2 
0 47 1 64 2 34 3 46 4 7 5 19 6 87 7 89 8 16 9 55 10 54 11 52 12 63 13 39 14 80 15 78 16 90 
0 81 1 43 2 47 3 68 4 21 5 42 6 79 7 90 8 23 9 80 10 88 11 92 12 99 13 35 14 99 15 56 16 18 
0 94 1 46 2 28 3 53 4 65 5 60 6 34 7 93 8 80 9 81 10 9 11 17 12 3 13 21 14 93 15 6 16 30 
0 19 1 53 2 90 3 95 4 64 5 27 6 22 7 95 8 68 9 65 10 49 11 18 12 45 13 25 14 99 15 54 16 41 
0 20 1 30 2 53 3 9 4 28 5 79 6 27 7 30 8 89 9 80 10 48 11 72 12 69 13 20 14 20 15 17 16 34 
0 79 1 31 2 2 3 20 4 78 5 14 6 71 7 83 8 86 9 6 10 55 11 38 12 37 13 67 14 69 15 78 16 41 
0 79 1 55 2 22 3 13 4 63 5 34 6 79 7 12 8 32 9 24 10 86 11 7 12 30 13 15 14 67 15 66 16 57 
0 54 1 49 2 71 3 94 4 27 5 20 6 56 7 23 8 13 9 7 10 48 11 55 12 56 13 14 14 50 15 17 16 62 
0 44 1 28 2 69 3 28 4 19 5 8 6 47 7 78 8 28 9 88 10 44 11 61 12 71 13 90 14 56 15 42 16 76 
0 35 1 24 2 68 3 10 4 57 5 5 6 35 7 60 8 56 9 89 10 28 11 76 12 30 13 45 14 51 15 85 16 20 
0 84 1 63 2 33 3 89 4 74 5 59 6 33 7 76 8 65 9 56 10 94 11 32 12 18 13 38 14 51 15 79 16 43 
0 99 1 81 2 30 3 33 4 22 5 62 6 74 7 91 8 95 9 12 10 35 11 21 12 98 13 72 14 70 15 88 16 99 
0 49 1 84 2 67 3 37 4 58 5 74 6 19 7 40 8 41 9 75 10 88 11 76 12 96 13 49 14 72 15 37 16 89 
0 46 1 89 2 68 3 82 4 39 5 26 6 65 7 28 8 6 9 17 10 7 11 26 12 33 13 35 14 63 15 48 16 80 
0 86 1 90 2 14 3 58 4 75 5 22 6 55 7 21 8 7 9 46 10 28 11 44 12 84 13 51 14 51 15 72 16 77 
0 14 1 43 2 2 3 99 4 78 5 16 6 74 7 39 8 86 9 38 10 26 11 33 12 80 13 31 14 62 15 2 16 33 
0 83 1 68 2 58 3 50 4 76 5 38 6 92 7 85 8 30 9 29 10 11 11 43 12 68 13 80 14 48 15 87 16 91 
0 30 1 92 2 84 3 66 4 84 5 13 6 21 7 30 8 20 9 94 10 19 11 32 12 9 13 87 14 93 15 17 16 10 
0 85 1 12 2 87 3 30 4 3 5 69 6 20 7 53 8 9 9 13 10 82 11 65 12 27 13 28 14 46 15 7 16 5 
0 22 1 66 2 85 3 43 4 45 5 46 6 12 7 58 8 57 9 14 10 50 11 16 12 16 13 5 14 97 15 86 16 97 
0 33 1 39 2 22 3 53 4 25 5 69 6 26 7 59 8 99 9 72 10 47 11 90 12 22 13 97 14 16 15 7 16 76 
0 79 1 38 2 10 3 69 4 18 5 65 6 17 7 69 8 72 9 5 10 28 11 34 12 57 13 98 14 30 15 86 16 63 
0 25 1 92 2 80 3 52 4 87 5 28 6 98 7 24 8 40 9 97 10 74 11 18 12 93 13 46 14 17 15 72 16 72 
0 95 1 36 2 62 3 28 4 43 5 77 6 2 7 62 8 91 9 86 10 66 11 93 12 83 13 54 14 84 15 45 16 7 
0 61 1 94 2 17 3 48 4 99 5 14 6 42 7 52 8 68 9 7 10 14 11 30 12 91 13 6 14 29 15 16 16 52 
0 2 1 52 2 95 3 60 4 36 5 76 6 82 7 73 8 15 9 61 10 84 11 51 12 23 13 64 14 96 15 47 16 84 
0 16 1 20 2 99 3 83 4 74 5 53 6 78 7 76 8 96 9 69 10 28 11 1 12 79 13 48 14 9 15 69 16 56 
0 68 1 88 2 86 3 33 4 93 5 93 6 12 7 15 8 5 9 22 10 89 11 60 12 78 13 10 14 35 15 59 16 22 
0 21 1 54 2 20 3 97 4 97 5 85 6 73 7 49 8 87 9 12 10 94 11 87 12 75 13 82 14 74 15 65 16 73 
0 37 1 35 2 44 3 20 4 23 5 56 6 75 7 83 8 39 9 50 10 59 11 1 12 14 13 19 14 80 15 9 16 65 
0 67 1 31 2 58 3 85 4 80 5 40 6 48 7 91 8 29 9 78 10 36 11 75 12 47 13 34 14 70 15 59 16 67 
0 79 1 64 2 94 3 20 4 14 5 45 6 95 7 81 8 69 9 55 10 12 11 6 12 66 13 16 14 18 15 28 16 98 
0 77 1 70 2 19 3 76 4 56 5 26 6 42 7 54 8 21 9 1 10 56 11 7 12 71 13 28 14 27 15 9 16 92 
0 38 1 44 2 63 3 11 4 56 5 62 6 75 7 49 8 61 9 93 10 32 11 1 12 38 13 36 14 43 15 25 16 80 
0 73 1 98 2 77 3 58 4 30 5 83 6 96 7 8 8 66 9 75 10 65 11 1 12 42 13 48 14 88 15 64 16 28 
0 35 1 87 2 39 3 32 4 95 5 3 6 100 7 57 8 18 9 32 10 38 11 17 12 49 13 35 14 86 15 35 16 35 
0 63 1 10 2 36 3 62 4 4 5 67 6 12 7 92 8 58 9 10 10 83 11 45 12 92 13 48 14 86 15 86 16 34 
0 10 1 12 2 57 3 86 4 95 5 72 6 88 7 82 8 54 9 87 10 83 11 86 12 13 13 94 14 41 15 82 16 10 
0 18 1 84 2 94 3 81 4 88 5 16 6 44 7 32 8 41 9 69 10 1 11 43 12 88 13 2 14 68 15 30 16 16 
0 87 1 67 2 96 3 40 4 89 5 15 6 80 7 64 8 49 9 53 10 76 11 56 12 43 13 19 14 57 15 33 16 94 
0 70 1 77 2 7 3 96 4 83 5 12 6 60 7 70 8 4 9 99 10 59 11 80 12 77 13 4 14 49 15 75 16 49 
0 15 1 58 2 28 3 84 4 78 5 24 6 76 7 72 8 44 9 90 10 69 11 100 12 43 13 54 14 80 15 99 16 61 
0 69 1 94 2 15 3 24 4 64 5 36 6 13 7 28 8 19 9 51 10 86 11 11 12 98 13 23 14 12 15 55 16 95 
0 59 1 24 2 9 3 31 4 16 5 92 6 65 7 8 8 40 9 98 10 21 11 25 12 57 13 95 14 89 15 20 16 14 
