50 15
0 78 1 13 2 18 3 92 4 27 5 59 6 46 7 64 8 5 9 93 10 14 11 36 12 6 13 6 14 23 
0 64 1 36 2 38 3 12 4 75 5 26 6 89 7 14 8 26 9 53 10 79 11 39 12 73 13 46 14 58 
0 76 1 100 2 13 3 89 4 76 5 13 6 88 7 7 8 81 9 15 10 77 11 2 12 42 13 26 14 17 
0 66 1 71 2 47 3 87 4 67 5 9 6 83 7 49 8 68 9 13 10 44 11 94 12 96 13 73 14 40 
0 33 1 75 2 3 3 28 4 5 5 15 6 80 7 89 8 22 9 76 10 26 11 59 12 95 13 72 14 14 
0 73 1 49 2 15 3 98 4 78 5 93 6 43 7 30 8 83 9 49 10 3 11 17 12 44 13 58 14 81 
0 64 1 92 2 59 3 86 4 5 5 90 6 28 7 18 8 46 9 32 10 47 11 35 12 61 13 84 14 69 
0 96 1 38 2 85 3 73 4 46 5 52 6 93 7 17 8 21 9 94 10 76 11 47 12 61 13 47 14 47 
0 1 1 94 2 22 3 95 4 4 5 56 6 45 7 11 8 78 9 54 10 6 11 42 12 80 13 51 14 54 
0 49 1 62 2 75 3 8 4 26 5 77 6 22 7 30 8 81 9 39 10 48 11 59 12 60 13 62 14 92 
0 32 1 29 2 3 3 4 4 47 5 10 6 71 7 60 8 82 9 91 10 70 11 66 12 93 13 4 14 78 
0 41 1 23 2 34 3 46 4 65 5 67 6 6 7 52 8 26 9 72 10 76 11 97 12 86 13 85 14 72 
0 34 1 18 2 35 3 46 4 22 5 39 6 47 7 27 8 63 9 96 10 12 11 92 12 41 13 100 14 75 
0 8 1 100 2 26 3 83 4 42 5 44 6 36 7 18 8 21 9 25 10 45 11 32 12 39 13 83 14 81 
0 36 1 86 2 24 3 88 4 84 5 5 6 44 7 33 8 41 9 72 10 1 11 71 12 80 13 29 14 28 
0 55 1 70 2 61 3 38 4 50 5 32 6 44 7 20 8 5 9 49 10 20 11 91 12 72 13 83 14 88 
0 81 1 1 2 22 3 83 4 1 5 69 6 71 7 47 8 1 9 50 10 79 11 81 12 34 13 2 14 96 
0 74 1 8 2 59 3 83 4 47 5 28 6 5 7 99 8 95 9 30 10 61 11 33 12 49 13 33 14 39 
0 6 1 90 2 1 3 10 4 73 5 69 6 82 7 85 8 23 9 8 10 90 11 6 12 2 13 35 14 54 
0 10 1 12 2 69 3 33 4 16 5 66 6 86 7 93 8 13 9 47 10 58 11 90 12 98 13 24 14 21 
0 89 1 99 2 25 3 67 4 7 5 93 6 63 7 32 8 45 9 35 10 69 11 70 12 89 13 60 14 43 
0 100 1 97 2 26 3 60 4 23 5 63 6 37 7 66 8 31 9 58 10 31 11 94 12 46 13 89 14 68 
0 100 1 71 2 29 3 4 4 28 5 73 6 54 7 23 8 61 9 21 10 97 11 44 12 12 13 74 14 91 
0 86 1 60 2 73 3 2 4 47 5 89 6 87 7 96 8 23 9 40 10 10 11 87 12 39 13 76 14 2 
0 11 1 62 2 69 3 3 4 42 5 59 6 15 7 7 8 64 9 27 10 98 11 29 12 52 13 22 14 74 
0 26 1 48 2 20 3 98 4 49 5 81 6 79 7 93 8 89 9 8 10 6 11 42 12 24 13 96 14 84 
0 87 1 77 2 22 3 70 4 33 5 81 6 62 7 66 8 49 9 74 10 46 11 96 12 100 13 74 14 46 
0 37 1 49 2 74 3 77 4 95 5 37 6 41 7 27 8 10 9 63 10 93 11 72 12 55 13 41 14 27 
0 44 1 94 2 95 3 91 4 82 5 96 6 100 7 24 8 48 9 14 10 61 11 36 12 19 13 49 14 4 
0 60 1 20 2 89 3 71 4 31 5 51 6 43 7 50 8 17 9 78 10 14 11 71 12 24 13 19 14 36 
0 67 1 95 2 28 3 34 4 85 5 26 6 92 7 45 8 77 9 46 10 92 11 97 12 57 13 31 14 58 
0 83 1 33 2 28 3 53 4 23 5 36 6 65 7 38 8 56 9 77 10 30 11 78 12 82 13 87 14 100 
0 99 1 81 2 7 3 94 4 3 5 21 6 12 7 1 8 9 9 30 10 29 11 63 12 48 13 71 14 50 
0 82 1 4 2 95 3 96 4 79 5 65 6 2 7 4 8 5 9 77 10 100 11 74 12 35 13 13 14 87 
0 6 1 73 2 79 3 7 4 89 5 59 6 89 7 76 8 58 9 45 10 16 11 16 12 61 13 29 14 26 
0 97 1 10 2 33 3 96 4 46 5 77 6 53 7 58 8 37 9 49 10 78 11 31 12 22 13 18 14 22 
0 30 1 31 2 16 3 25 4 48 5 24 6 5 7 30 8 65 9 82 10 8 11 7 12 11 13 70 14 90 
0 48 1 23 2 89 3 54 4 57 5 35 6 20 7 21 8 91 9 69 10 91 11 41 12 93 13 69 14 40 
0 79 1 3 2 54 3 8 4 69 5 25 6 61 7 97 8 50 9 28 10 12 11 36 12 85 13 90 14 33 
0 1 1 32 2 2 3 49 4 57 5 5 6 53 7 68 8 5 9 63 10 94 11 49 12 25 13 68 14 16 
0 57 1 64 2 30 3 40 4 75 5 78 6 83 7 53 8 12 9 69 10 42 11 25 12 7 13 20 14 85 
0 40 1 97 2 19 3 16 4 4 5 69 6 25 7 25 8 28 9 81 10 23 11 41 12 11 13 66 14 3 
0 87 1 39 2 57 3 67 4 29 5 8 6 23 7 38 8 74 9 76 10 49 11 12 12 2 13 93 14 16 
0 60 1 56 2 44 3 77 4 45 5 89 6 11 7 67 8 60 9 66 10 46 11 15 12 26 13 2 14 84 
0 33 1 46 2 32 3 19 4 17 5 30 6 92 7 81 8 34 9 50 10 3 11 47 12 58 13 60 14 28 
0 81 1 36 2 50 3 39 4 98 5 27 6 12 7 89 8 57 9 21 10 25 11 82 12 68 13 89 14 51 
0 53 1 15 2 38 3 89 4 12 5 39 6 83 7 3 8 73 9 73 10 46 11 74 12 20 13 47 14 91 
0 80 1 17 2 82 3 25 4 68 5 67 6 40 7 77 8 60 9 23 10 81 11 88 12 71 13 47 14 45 
0 25 1 89 2 24 3 38 4 36 5 47 6 39 7 83 8 70 9 50 10 34 11 19 12 45 13 86 14 82 
0 60 1 49 2 65 3 4 4 38 5 9 6 3 7 27 8 1 9 23 10 95 11 88 12 48 13 18 14 42 
