50 5
0 22 1 13 2 29 3 16 4 98 
0 23 1 98 2 37 3 88 4 58 
0 7 1 66 2 86 3 7 4 21 
0 7 1 1 2 74 3 67 4 69 
0 58 1 43 2 86 3 52 4 33 
0 1 1 83 2 98 3 31 4 24 
0 46 1 27 2 62 3 40 4 45 
0 76 1 35 2 70 3 74 4 37 
0 89 1 14 2 23 3 8 4 56 
0 89 1 92 2 100 3 1 4 80 
0 84 1 7 2 56 3 57 4 99 
0 11 1 54 2 92 3 26 4 85 
0 48 1 42 2 67 3 37 4 27 
0 60 1 2 2 11 3 91 4 49 
0 81 1 53 2 30 3 99 4 26 
0 28 1 59 2 97 3 53 4 25 
0 54 1 1 2 38 3 73 4 85 
0 39 1 49 2 34 3 36 4 88 
0 43 1 57 2 75 3 80 4 5 
0 47 1 12 2 68 3 18 4 86 
0 20 1 71 2 16 3 40 4 24 
0 34 1 69 2 71 3 56 4 23 
0 82 1 29 2 78 3 31 4 66 
0 85 1 91 2 34 3 17 4 96 
0 61 1 55 2 59 3 69 4 24 
0 97 1 99 2 18 3 51 4 10 
0 89 1 48 2 29 3 33 4 66 
0 67 1 69 2 12 3 72 4 16 
0 68 1 44 2 69 3 37 4 81 
0 56 1 91 2 70 3 69 4 1 
0 100 1 64 2 61 3 59 4 71 
0 97 1 52 2 19 3 82 4 92 
0 44 1 59 2 90 3 52 4 82 
0 1 1 67 2 30 3 68 4 74 
0 56 1 36 2 73 3 27 4 37 
0 55 1 52 2 94 3 36 4 46 
0 37 1 71 2 41 3 92 4 61 
0 35 1 33 2 49 3 90 4 27 
0 61 1 90 2 20 3 34 4 45 
0 1 1 96 2 50 3 96 4 33 
0 61 1 27 2 63 3 53 4 3 
0 78 1 55 2 40 3 98 4 94 
0 39 1 32 2 60 3 73 4 92 
0 1 1 65 2 75 3 75 4 18 
0 50 1 57 2 16 3 31 4 74 
0 59 1 100 2 86 3 29 4 90 
0 75 1 21 2 70 3 60 4 45 
0 12 1 67 2 9 3 50 4 19 
0 9 1 73 2 93 3 83 4 55 
0 53 1 32 2 36 3 17 4 10 
