50 11
0 6 1 60 2 93 3 37 4 20 5 38 6 81 7 67 8 47 9 90 10 25 
0 22 1 100 2 70 3 24 4 93 5 24 6 23 7 97 8 63 9 22 10 19 
0 31 1 9 2 43 3 40 4 77 5 78 6 75 7 12 8 62 9 73 10 44 
0 86 1 16 2 83 3 97 4 1 5 87 6 69 7 30 8 38 9 84 10 67 
0 23 1 26 2 23 3 56 4 99 5 58 6 51 7 53 8 68 9 67 10 99 
0 90 1 75 2 46 3 49 4 20 5 64 6 82 7 20 8 21 9 49 10 28 
0 58 1 61 2 83 3 2 4 86 5 30 6 88 7 59 8 45 9 10 10 12 
0 50 1 41 2 95 3 25 4 29 5 70 6 100 7 6 8 37 9 3 10 27 
0 33 1 63 2 55 3 8 4 79 5 48 6 79 7 72 8 95 9 14 10 75 
0 86 1 57 2 32 3 76 4 87 5 82 6 84 7 12 8 73 9 73 10 98 
0 1 1 81 2 89 3 79 4 95 5 34 6 83 7 92 8 84 9 46 10 86 
0 55 1 3 2 50 3 78 4 78 5 95 6 58 7 88 8 1 9 16 10 27 
0 74 1 57 2 98 3 96 4 87 5 12 6 52 7 59 8 33 9 8 10 96 
0 4 1 68 2 96 3 2 4 1 5 43 6 8 7 2 8 13 9 83 10 56 
0 47 1 32 2 13 3 75 4 22 5 15 6 43 7 96 8 64 9 31 10 36 
0 100 1 12 2 95 3 14 4 96 5 16 6 59 7 19 8 58 9 11 10 27 
0 38 1 60 2 78 3 55 4 36 5 30 6 34 7 22 8 37 9 92 10 84 
0 75 1 50 2 34 3 33 4 13 5 90 6 92 7 14 8 73 9 27 10 32 
0 67 1 49 2 92 3 73 4 72 5 78 6 44 7 40 8 79 9 57 10 2 
0 51 1 46 2 31 3 99 4 4 5 16 6 74 7 4 8 28 9 54 10 5 
0 79 1 45 2 60 3 32 4 68 5 9 6 79 7 9 8 61 9 41 10 52 
0 45 1 96 2 91 3 25 4 69 5 56 6 39 7 86 8 58 9 89 10 10 
0 72 1 3 2 33 3 17 4 82 5 94 6 78 7 87 8 94 9 87 10 34 
0 34 1 47 2 51 3 83 4 17 5 80 6 10 7 96 8 33 9 12 10 86 
0 42 1 78 2 55 3 10 4 77 5 83 6 15 7 21 8 21 9 69 10 47 
0 58 1 45 2 58 3 52 4 74 5 53 6 10 7 85 8 53 9 60 10 61 
0 36 1 63 2 89 3 2 4 94 5 81 6 14 7 58 8 42 9 46 10 39 
0 91 1 78 2 36 3 77 4 83 5 54 6 32 7 48 8 87 9 6 10 13 
0 3 1 58 2 63 3 17 4 60 5 82 6 84 7 25 8 77 9 89 10 52 
0 81 1 50 2 5 3 20 4 91 5 90 6 70 7 31 8 79 9 69 10 93 
0 16 1 18 2 83 3 57 4 78 5 90 6 18 7 42 8 54 9 95 10 27 
0 53 1 81 2 46 3 80 4 38 5 47 6 76 7 51 8 85 9 84 10 24 
0 39 1 60 2 84 3 100 4 99 5 50 6 61 7 91 8 99 9 75 10 41 
0 46 1 7 2 48 3 42 4 20 5 31 6 98 7 82 8 60 9 62 10 88 
0 64 1 27 2 94 3 69 4 20 5 42 6 13 7 80 8 69 9 96 10 57 
0 49 1 92 2 81 3 21 4 6 5 21 6 42 7 94 8 59 9 51 10 92 
0 21 1 82 2 26 3 95 4 44 5 31 6 71 7 43 8 15 9 4 10 100 
0 27 1 42 2 3 3 31 4 32 5 16 6 26 7 45 8 36 9 98 10 57 
0 59 1 25 2 63 3 12 4 100 5 66 6 36 7 96 8 56 9 34 10 10 
0 59 1 12 2 85 3 90 4 34 5 2 6 26 7 83 8 95 9 91 10 50 
0 50 1 83 2 58 3 77 4 93 5 97 6 66 7 21 8 66 9 84 10 68 
0 64 1 19 2 55 3 5 4 19 5 75 6 19 7 50 8 20 9 92 10 86 
0 21 1 99 2 49 3 45 4 99 5 95 6 21 7 53 8 92 9 38 10 23 
0 59 1 4 2 92 3 71 4 58 5 74 6 69 7 56 8 81 9 13 10 85 
0 72 1 13 2 20 3 85 4 82 5 11 6 81 7 51 8 77 9 45 10 96 
0 74 1 89 2 48 3 62 4 86 5 73 6 38 7 71 8 63 9 79 10 15 
0 99 1 70 2 25 3 4 4 71 5 7 6 53 7 6 8 7 9 92 10 31 
0 74 1 42 2 48 3 15 4 39 5 85 6 42 7 82 8 87 9 87 10 29 
0 74 1 74 2 50 3 57 4 64 5 61 6 76 7 39 8 29 9 53 10 95 
0 13 1 4 2 85 3 11 4 95 5 7 6 100 7 97 8 83 9 60 10 78 
