50 6
0 72 1 16 2 19 3 76 4 73 5 59 
0 80 1 97 2 41 3 43 4 30 5 47 
0 47 1 10 2 49 3 87 4 65 5 15 
0 70 1 62 2 33 3 74 4 76 5 12 
0 18 1 56 2 28 3 78 4 95 5 79 
0 70 1 5 2 82 3 40 4 22 5 62 
0 24 1 61 2 93 3 51 4 24 5 71 
0 23 1 78 2 6 3 59 4 51 5 35 
0 80 1 97 2 4 3 47 4 93 5 65 
0 41 1 81 2 91 3 9 4 47 5 15 
0 46 1 58 2 9 3 26 4 66 5 45 
0 77 1 22 2 98 3 4 4 100 5 97 
0 76 1 5 2 19 3 24 4 36 5 55 
0 81 1 75 2 39 3 57 4 14 5 15 
0 9 1 60 2 91 3 90 4 17 5 47 
0 53 1 65 2 27 3 9 4 54 5 75 
0 64 1 31 2 9 3 8 4 66 5 83 
0 81 1 34 2 88 3 71 4 11 5 36 
0 33 1 6 2 91 3 42 4 10 5 34 
0 16 1 66 2 89 3 95 4 84 5 97 
0 83 1 7 2 57 3 97 4 93 5 45 
0 50 1 14 2 28 3 6 4 77 5 39 
0 95 1 3 2 6 3 5 4 34 5 69 
0 76 1 38 2 93 3 23 4 21 5 32 
0 35 1 55 2 20 3 69 4 61 5 35 
0 71 1 8 2 14 3 66 4 90 5 70 
0 27 1 49 2 71 3 80 4 19 5 78 
0 16 1 19 2 90 3 25 4 47 5 91 
0 93 1 24 2 84 3 52 4 78 5 36 
0 9 1 38 2 98 3 90 4 22 5 83 
0 8 1 48 2 54 3 85 4 37 5 19 
0 14 1 17 2 91 3 88 4 37 5 33 
0 77 1 78 2 15 3 12 4 81 5 70 
0 19 1 10 2 30 3 49 4 38 5 91 
0 48 1 36 2 55 3 7 4 86 5 71 
0 39 1 21 2 70 3 15 4 70 5 42 
0 70 1 88 2 91 3 39 4 17 5 54 
0 98 1 98 2 75 3 34 4 26 5 16 
0 94 1 46 2 68 3 43 4 34 5 18 
0 41 1 51 2 61 3 70 4 31 5 70 
0 43 1 63 2 16 3 24 4 67 5 52 
0 80 1 6 2 39 3 78 4 82 5 35 
0 60 1 55 2 95 3 20 4 83 5 34 
0 57 1 81 2 72 3 98 4 11 5 25 
0 53 1 99 2 54 3 80 4 37 5 12 
0 100 1 78 2 62 3 51 4 98 5 75 
0 13 1 80 2 28 3 64 4 75 5 43 
0 49 1 47 2 8 3 49 4 5 5 20 
0 31 1 30 2 100 3 60 4 66 5 41 
0 95 1 50 2 47 3 46 4 98 5 84 
