50 2
0 31 1 76 
0 81 1 8 
0 16 1 25 
0 24 1 88 
0 38 1 29 
0 11 1 19 
0 5 1 42 
0 39 1 46 
0 26 1 23 
0 99 1 3 
0 59 1 30 
0 87 1 69 
0 67 1 24 
0 83 1 73 
0 19 1 18 
0 95 1 62 
0 18 1 4 
0 18 1 57 
0 93 1 60 
0 100 1 36 
0 13 1 10 
0 30 1 50 
0 54 1 28 
0 50 1 68 
0 3 1 35 
0 91 1 74 
0 68 1 56 
0 80 1 66 
0 58 1 18 
0 34 1 38 
0 37 1 21 
0 48 1 93 
0 39 1 15 
0 26 1 94 
0 12 1 16 
0 82 1 73 
0 77 1 11 
0 90 1 64 
0 52 1 45 
0 25 1 24 
0 4 1 28 
0 27 1 31 
0 21 1 85 
0 37 1 73 
0 16 1 65 
0 48 1 77 
0 70 1 69 
0 45 1 51 
0 21 1 90 
0 86 1 24 
