50 11
0 54 1 91 2 33 3 9 4 82 5 70 6 67 7 22 8 82 9 67 10 34 
0 92 1 72 2 6 3 36 4 97 5 5 6 51 7 46 8 91 9 1 10 40 
0 41 1 75 2 9 3 81 4 27 5 15 6 85 7 71 8 16 9 24 10 76 
0 5 1 90 2 7 3 85 4 84 5 91 6 68 7 89 8 39 9 89 10 44 
0 4 1 72 2 13 3 83 4 94 5 35 6 85 7 61 8 73 9 16 10 9 
0 50 1 68 2 60 3 56 4 64 5 73 6 3 7 39 8 32 9 13 10 92 
0 44 1 4 2 57 3 51 4 54 5 9 6 3 7 33 8 20 9 23 10 88 
0 47 1 41 2 3 3 25 4 83 5 28 6 64 7 19 8 71 9 19 10 13 
0 50 1 31 2 72 3 64 4 32 5 91 6 37 7 11 8 47 9 44 10 43 
0 53 1 1 2 41 3 51 4 29 5 22 6 10 7 63 8 36 9 68 10 58 
0 97 1 5 2 78 3 90 4 3 5 88 6 90 7 91 8 20 9 73 10 34 
0 11 1 81 2 41 3 77 4 51 5 71 6 56 7 42 8 78 9 22 10 53 
0 98 1 63 2 10 3 3 4 46 5 80 6 6 7 75 8 3 9 5 10 93 
0 95 1 58 2 72 3 67 4 29 5 79 6 53 7 49 8 95 9 45 10 1 
0 52 1 44 2 52 3 78 4 93 5 23 6 21 7 78 8 48 9 90 10 99 
0 19 1 28 2 47 3 5 4 88 5 56 6 84 7 91 8 14 9 89 10 2 
0 30 1 70 2 11 3 43 4 38 5 44 6 100 7 29 8 100 9 37 10 24 
0 25 1 63 2 31 3 15 4 73 5 51 6 3 7 59 8 91 9 75 10 24 
0 50 1 84 2 12 3 74 4 55 5 60 6 82 7 50 8 17 9 51 10 100 
0 44 1 96 2 6 3 39 4 67 5 85 6 53 7 50 8 98 9 64 10 30 
0 62 1 74 2 4 3 94 4 80 5 77 6 35 7 35 8 13 9 96 10 29 
0 35 1 18 2 6 3 58 4 16 5 55 6 79 7 21 8 60 9 41 10 32 
0 55 1 3 2 14 3 26 4 62 5 97 6 90 7 92 8 21 9 19 10 92 
0 52 1 71 2 39 3 18 4 99 5 27 6 7 7 2 8 96 9 28 10 77 
0 11 1 54 2 84 3 88 4 82 5 34 6 93 7 76 8 42 9 91 10 32 
0 96 1 11 2 44 3 19 4 41 5 98 6 79 7 92 8 98 9 57 10 36 
0 28 1 69 2 88 3 89 4 67 5 50 6 45 7 88 8 57 9 1 10 64 
0 65 1 37 2 5 3 82 4 21 5 71 6 85 7 38 8 32 9 56 10 77 
0 58 1 17 2 8 3 19 4 23 5 50 6 42 7 97 8 40 9 92 10 27 
0 72 1 82 2 11 3 75 4 96 5 85 6 32 7 63 8 23 9 66 10 24 
0 6 1 38 2 81 3 11 4 89 5 28 6 57 7 57 8 38 9 21 10 79 
0 21 1 37 2 82 3 23 4 7 5 40 6 51 7 61 8 21 9 24 10 86 
0 77 1 24 2 45 3 55 4 77 5 53 6 9 7 22 8 22 9 85 10 63 
0 81 1 36 2 8 3 99 4 87 5 5 6 16 7 14 8 66 9 38 10 92 
0 17 1 99 2 27 3 59 4 1 5 37 6 95 7 73 8 23 9 72 10 52 
0 63 1 54 2 96 3 66 4 94 5 11 6 80 7 81 8 78 9 89 10 11 
0 70 1 87 2 78 3 98 4 23 5 61 6 90 7 5 8 59 9 14 10 71 
0 67 1 42 2 97 3 30 4 98 5 86 6 90 7 1 8 23 9 53 10 61 
0 75 1 86 2 46 3 68 4 11 5 72 6 73 7 12 8 6 9 40 10 87 
0 27 1 38 2 57 3 13 4 20 5 78 6 71 7 100 8 38 9 70 10 94 
0 82 1 79 2 19 3 55 4 66 5 89 6 76 7 34 8 63 9 64 10 100 
0 88 1 17 2 85 3 96 4 76 5 44 6 91 7 44 8 75 9 10 10 42 
0 33 1 12 2 81 3 45 4 33 5 65 6 21 7 46 8 65 9 88 10 34 
0 80 1 66 2 25 3 37 4 7 5 46 6 82 7 43 8 47 9 84 10 52 
0 76 1 81 2 44 3 19 4 16 5 86 6 77 7 38 8 87 9 10 10 100 
0 76 1 74 2 23 3 32 4 56 5 16 6 79 7 78 8 28 9 31 10 10 
0 87 1 47 2 13 3 4 4 40 5 95 6 20 7 75 8 53 9 1 10 1 
0 54 1 23 2 42 3 2 4 71 5 26 6 85 7 84 8 2 9 1 10 13 
0 97 1 28 2 36 3 36 4 19 5 84 6 83 7 75 8 99 9 57 10 83 
0 47 1 65 2 87 3 48 4 12 5 84 6 82 7 30 8 45 9 75 10 78 
