50 11
0 61 1 65 2 86 3 74 4 92 5 36 6 68 7 100 8 100 9 68 10 81 
0 24 1 38 2 7 3 81 4 55 5 40 6 42 7 12 8 43 9 35 10 99 
0 98 1 67 2 19 3 8 4 54 5 16 6 91 7 85 8 41 9 27 10 26 
0 74 1 56 2 33 3 83 4 42 5 70 6 21 7 56 8 93 9 50 10 46 
0 48 1 77 2 17 3 24 4 72 5 88 6 12 7 2 8 74 9 96 10 31 
0 3 1 65 2 36 3 73 4 80 5 59 6 66 7 100 8 42 9 51 10 64 
0 40 1 16 2 87 3 10 4 53 5 89 6 45 7 54 8 87 9 83 10 37 
0 22 1 32 2 48 3 94 4 68 5 6 6 3 7 39 8 49 9 47 10 49 
0 52 1 74 2 52 3 29 4 94 5 66 6 15 7 30 8 50 9 6 10 53 
0 86 1 87 2 29 3 67 4 4 5 79 6 52 7 84 8 36 9 83 10 97 
0 98 1 87 2 60 3 60 4 22 5 81 6 91 7 41 8 36 9 90 10 97 
0 36 1 65 2 36 3 53 4 46 5 10 6 43 7 45 8 64 9 36 10 97 
0 24 1 98 2 21 3 75 4 97 5 37 6 27 7 55 8 50 9 18 10 81 
0 48 1 21 2 79 3 98 4 6 5 67 6 86 7 88 8 61 9 48 10 33 
0 19 1 3 2 36 3 88 4 9 5 97 6 41 7 19 8 66 9 14 10 55 
0 81 1 35 2 39 3 65 4 42 5 6 6 36 7 61 8 3 9 18 10 27 
0 15 1 48 2 45 3 56 4 20 5 69 6 16 7 62 8 35 9 53 10 66 
0 45 1 16 2 88 3 54 4 40 5 51 6 87 7 51 8 38 9 94 10 41 
0 16 1 80 2 25 3 26 4 61 5 54 6 68 7 100 8 9 9 70 10 74 
0 79 1 89 2 67 3 35 4 8 5 50 6 34 7 3 8 77 9 40 10 6 
0 88 1 28 2 88 3 100 4 38 5 59 6 14 7 13 8 17 9 54 10 24 
0 45 1 34 2 33 3 42 4 48 5 16 6 92 7 96 8 95 9 39 10 21 
0 45 1 94 2 36 3 70 4 39 5 71 6 6 7 97 8 3 9 78 10 35 
0 6 1 31 2 18 3 74 4 15 5 23 6 99 7 63 8 53 9 38 10 89 
0 32 1 15 2 94 3 69 4 36 5 93 6 61 7 39 8 93 9 6 10 51 
0 92 1 37 2 18 3 35 4 68 5 91 6 53 7 39 8 48 9 15 10 30 
0 38 1 82 2 44 3 26 4 87 5 21 6 89 7 6 8 43 9 47 10 85 
0 84 1 24 2 73 3 18 4 64 5 47 6 41 7 31 8 68 9 71 10 27 
0 11 1 82 2 39 3 33 4 1 5 76 6 37 7 39 8 61 9 97 10 45 
0 67 1 36 2 65 3 93 4 26 5 12 6 89 7 65 8 98 9 41 10 89 
0 31 1 58 2 5 3 49 4 74 5 83 6 11 7 59 8 38 9 37 10 67 
0 69 1 94 2 9 3 80 4 9 5 63 6 48 7 2 8 89 9 60 10 57 
0 89 1 93 2 61 3 23 4 55 5 97 6 61 7 11 8 65 9 86 10 6 
0 59 1 96 2 61 3 11 4 5 5 23 6 50 7 67 8 28 9 8 10 96 
0 36 1 37 2 38 3 12 4 86 5 18 6 35 7 34 8 66 9 11 10 2 
0 61 1 34 2 22 3 94 4 7 5 5 6 28 7 72 8 60 9 15 10 83 
0 51 1 94 2 37 3 52 4 31 5 32 6 92 7 39 8 87 9 1 10 88 
0 60 1 36 2 40 3 12 4 17 5 34 6 28 7 88 8 22 9 52 10 29 
0 81 1 27 2 44 3 50 4 70 5 1 6 36 7 59 8 97 9 7 10 69 
0 80 1 55 2 48 3 30 4 3 5 26 6 49 7 82 8 84 9 8 10 30 
0 16 1 4 2 29 3 51 4 64 5 96 6 16 7 57 8 3 9 14 10 71 
0 89 1 48 2 48 3 89 4 49 5 16 6 41 7 61 8 47 9 15 10 52 
0 43 1 8 2 41 3 6 4 90 5 45 6 50 7 16 8 69 9 22 10 99 
0 41 1 84 2 75 3 65 4 45 5 63 6 45 7 35 8 19 9 77 10 52 
0 54 1 35 2 52 3 58 4 46 5 97 6 62 7 61 8 28 9 4 10 26 
0 38 1 83 2 44 3 34 4 31 5 63 6 48 7 34 8 47 9 37 10 63 
0 6 1 12 2 90 3 66 4 87 5 39 6 30 7 64 8 7 9 60 10 22 
0 19 1 24 2 65 3 94 4 39 5 7 6 56 7 66 8 79 9 21 10 51 
0 32 1 90 2 74 3 64 4 63 5 57 6 10 7 70 8 25 9 55 10 70 
0 47 1 20 2 94 3 8 4 20 5 4 6 64 7 63 8 90 9 73 10 3 
