50 6
0 94 1 27 2 15 3 61 4 96 5 81 
0 35 1 28 2 41 3 12 4 64 5 89 
0 21 1 3 2 66 3 39 4 59 5 67 
0 67 1 14 2 1 3 94 4 19 5 99 
0 18 1 57 2 50 3 7 4 3 5 100 
0 92 1 54 2 63 3 81 4 47 5 84 
0 65 1 73 2 60 3 90 4 91 5 9 
0 59 1 80 2 14 3 20 4 94 5 40 
0 72 1 57 2 100 3 13 4 65 5 33 
0 64 1 33 2 52 3 82 4 60 5 26 
0 43 1 69 2 8 3 40 4 45 5 37 
0 70 1 87 2 99 3 42 4 6 5 45 
0 76 1 10 2 41 3 66 4 25 5 84 
0 23 1 92 2 89 3 95 4 34 5 28 
0 11 1 94 2 36 3 13 4 4 5 10 
0 88 1 19 2 53 3 100 4 64 5 98 
0 93 1 14 2 55 3 72 4 94 5 18 
0 56 1 64 2 5 3 4 4 71 5 69 
0 18 1 97 2 86 3 90 4 65 5 56 
0 88 1 34 2 6 3 48 4 37 5 90 
0 90 1 53 2 29 3 24 4 80 5 20 
0 49 1 12 2 37 3 18 4 45 5 93 
0 98 1 73 2 54 3 83 4 100 5 5 
0 49 1 64 2 64 3 56 4 100 5 18 
0 74 1 62 2 85 3 2 4 33 5 58 
0 70 1 21 2 90 3 17 4 69 5 51 
0 56 1 44 2 93 3 2 4 6 5 47 
0 99 1 88 2 9 3 93 4 11 5 17 
0 86 1 80 2 89 3 56 4 80 5 48 
0 33 1 45 2 45 3 100 4 30 5 57 
0 75 1 10 2 72 3 42 4 42 5 26 
0 37 1 69 2 77 3 74 4 41 5 44 
0 9 1 98 2 7 3 95 4 9 5 64 
0 85 1 100 2 32 3 92 4 33 5 34 
0 55 1 91 2 43 3 12 4 86 5 51 
0 33 1 22 2 10 3 52 4 25 5 34 
0 89 1 62 2 13 3 78 4 58 5 56 
0 81 1 65 2 9 3 28 4 11 5 31 
0 28 1 5 2 96 3 38 4 50 5 63 
0 72 1 100 2 61 3 89 4 47 5 97 
0 74 1 24 2 83 3 89 4 17 5 28 
0 38 1 68 2 68 3 81 4 46 5 75 
0 88 1 91 2 75 3 71 4 23 5 98 
0 59 1 96 2 16 3 31 4 99 5 68 
0 72 1 10 2 52 3 100 4 36 5 94 
0 77 1 24 2 51 3 46 4 67 5 8 
0 3 1 35 2 5 3 48 4 61 5 91 
0 92 1 96 2 45 3 28 4 13 5 7 
0 63 1 3 2 6 3 76 4 21 5 78 
0 52 1 68 2 31 3 50 4 48 5 97 
