50 6
0 48 1 35 2 6 3 60 4 35 5 62 
0 1 1 63 2 58 3 15 4 7 5 91 
0 35 1 84 2 76 3 16 4 12 5 43 
0 68 1 5 2 70 3 49 4 22 5 68 
0 77 1 42 2 41 3 56 4 93 5 81 
0 64 1 46 2 90 3 8 4 83 5 89 
0 78 1 86 2 21 3 19 4 34 5 36 
0 84 1 83 2 72 3 62 4 82 5 22 
0 35 1 6 2 72 3 95 4 57 5 68 
0 57 1 1 2 95 3 50 4 93 5 50 
0 59 1 16 2 5 3 80 4 45 5 4 
0 74 1 72 2 49 3 57 4 92 5 23 
0 18 1 26 2 10 3 96 4 35 5 3 
0 34 1 33 2 47 3 9 4 59 5 52 
0 95 1 17 2 39 3 92 4 40 5 63 
0 24 1 99 2 100 3 69 4 34 5 42 
0 57 1 67 2 7 3 86 4 28 5 35 
0 53 1 49 2 28 3 24 4 6 5 46 
0 69 1 73 2 42 3 59 4 80 5 2 
0 61 1 19 2 54 3 25 4 65 5 9 
0 7 1 89 2 69 3 57 4 59 5 18 
0 45 1 9 2 68 3 50 4 62 5 47 
0 77 1 12 2 15 3 79 4 100 5 76 
0 84 1 100 2 26 3 42 4 81 5 73 
0 26 1 18 2 12 3 78 4 85 5 11 
0 18 1 55 2 38 3 29 4 51 5 6 
0 25 1 66 2 50 3 16 4 95 5 38 
0 96 1 88 2 71 3 68 4 90 5 84 
0 97 1 78 2 71 3 42 4 46 5 73 
0 76 1 64 2 60 3 4 4 91 5 7 
0 73 1 48 2 78 3 84 4 75 5 96 
0 14 1 7 2 53 3 7 4 56 5 91 
0 77 1 19 2 58 3 98 4 17 5 86 
0 70 1 69 2 79 3 86 4 49 5 61 
0 98 1 28 2 56 3 59 4 22 5 28 
0 59 1 15 2 3 3 26 4 61 5 71 
0 68 1 74 2 5 3 16 4 56 5 20 
0 54 1 93 2 69 3 81 4 57 5 76 
0 90 1 36 2 84 3 8 4 8 5 82 
0 73 1 92 2 89 3 75 4 88 5 61 
0 76 1 72 2 66 3 37 4 10 5 62 
0 97 1 89 2 15 3 39 4 37 5 1 
0 38 1 16 2 36 3 52 4 21 5 94 
0 97 1 54 2 95 3 11 4 95 5 64 
0 25 1 84 2 83 3 48 4 5 5 99 
0 47 1 60 2 15 3 20 4 28 5 30 
0 82 1 86 2 78 3 2 4 46 5 27 
0 55 1 22 2 72 3 75 4 65 5 35 
0 77 1 7 2 100 3 20 4 69 5 46 
0 37 1 76 2 11 3 85 4 50 5 10 
