50 10
0 4 1 18 2 89 3 75 4 76 5 81 6 24 7 48 8 44 9 12 
0 56 1 96 2 92 3 92 4 20 5 68 6 11 7 17 8 40 9 74 
0 20 1 32 2 57 3 13 4 18 5 17 6 79 7 36 8 30 9 30 
0 11 1 36 2 17 3 79 4 15 5 75 6 41 7 17 8 60 9 86 
0 96 1 5 2 5 3 99 4 81 5 95 6 77 7 55 8 75 9 100 
0 37 1 1 2 10 3 48 4 77 5 41 6 11 7 70 8 62 9 98 
0 15 1 58 2 82 3 56 4 25 5 73 6 22 7 87 8 71 9 15 
0 14 1 70 2 97 3 27 4 96 5 65 6 46 7 69 8 76 9 77 
0 94 1 16 2 36 3 68 4 70 5 19 6 6 7 23 8 24 9 73 
0 15 1 49 2 59 3 32 4 89 5 64 6 6 7 36 8 78 9 2 
0 87 1 3 2 58 3 97 4 24 5 97 6 49 7 40 8 94 9 53 
0 43 1 5 2 26 3 5 4 91 5 80 6 92 7 71 8 35 9 24 
0 7 1 71 2 36 3 20 4 81 5 52 6 30 7 78 8 44 9 65 
0 14 1 64 2 91 3 61 4 9 5 6 6 86 7 75 8 77 9 99 
0 88 1 18 2 74 3 97 4 66 5 98 6 13 7 3 8 23 9 65 
0 69 1 52 2 38 3 94 4 82 5 96 6 8 7 6 8 87 9 51 
0 78 1 95 2 66 3 52 4 88 5 60 6 68 7 68 8 40 9 96 
0 12 1 86 2 48 3 94 4 83 5 13 6 12 7 46 8 74 9 94 
0 21 1 50 2 48 3 69 4 54 5 8 6 75 7 59 8 52 9 47 
0 50 1 5 2 25 3 6 4 51 5 41 6 43 7 96 8 96 9 74 
0 93 1 46 2 22 3 85 4 85 5 92 6 20 7 36 8 62 9 93 
0 72 1 83 2 30 3 64 4 13 5 69 6 51 7 43 8 84 9 7 
0 100 1 3 2 90 3 71 4 76 5 19 6 38 7 10 8 90 9 6 
0 88 1 4 2 33 3 91 4 65 5 69 6 42 7 11 8 88 9 88 
0 13 1 97 2 28 3 25 4 11 5 65 6 5 7 6 8 17 9 50 
0 98 1 6 2 91 3 27 4 13 5 36 6 48 7 45 8 54 9 50 
0 24 1 13 2 88 3 65 4 76 5 28 6 77 7 49 8 15 9 54 
0 21 1 60 2 12 3 15 4 13 5 33 6 2 7 76 8 19 9 42 
0 26 1 57 2 57 3 49 4 40 5 98 6 36 7 72 8 27 9 54 
0 90 1 57 2 11 3 45 4 89 5 100 6 8 7 10 8 18 9 72 
0 41 1 11 2 38 3 48 4 73 5 42 6 80 7 6 8 13 9 26 
0 65 1 33 2 37 3 35 4 98 5 86 6 34 7 73 8 60 9 2 
0 75 1 37 2 24 3 85 4 60 5 17 6 38 7 14 8 23 9 43 
0 42 1 54 2 16 3 73 4 58 5 81 6 18 7 15 8 87 9 80 
0 63 1 78 2 80 3 12 4 47 5 70 6 97 7 85 8 68 9 83 
0 70 1 27 2 24 3 76 4 63 5 66 6 87 7 79 8 90 9 58 
0 87 1 26 2 43 3 29 4 21 5 30 6 18 7 57 8 91 9 55 
0 40 1 80 2 6 3 32 4 15 5 9 6 71 7 28 8 86 9 28 
0 18 1 93 2 88 3 98 4 62 5 71 6 86 7 84 8 76 9 71 
0 53 1 96 2 6 3 93 4 67 5 94 6 55 7 97 8 82 9 59 
0 47 1 85 2 40 3 53 4 99 5 93 6 36 7 17 8 6 9 85 
0 90 1 15 2 18 3 2 4 26 5 84 6 49 7 99 8 63 9 14 
0 38 1 21 2 72 3 16 4 53 5 6 6 45 7 56 8 29 9 24 
0 60 1 23 2 74 3 1 4 51 5 35 6 16 7 76 8 57 9 13 
0 54 1 70 2 18 3 9 4 85 5 37 6 17 7 82 8 52 9 59 
0 52 1 45 2 46 3 22 4 47 5 42 6 96 7 80 8 93 9 100 
0 47 1 74 2 75 3 12 4 55 5 39 6 1 7 64 8 46 9 51 
0 91 1 29 2 48 3 60 4 42 5 34 6 90 7 79 8 2 9 86 
0 73 1 51 2 65 3 38 4 97 5 44 6 94 7 19 8 87 9 41 
0 90 1 31 2 72 3 73 4 10 5 95 6 19 7 59 8 67 9 12 
