50 18
0 61 1 2 2 30 3 18 4 46 5 74 6 61 7 89 8 82 9 13 10 95 11 62 12 89 13 82 14 28 15 15 16 5 17 83 
0 82 1 58 2 10 3 94 4 82 5 65 6 12 7 22 8 41 9 26 10 73 11 10 12 89 13 56 14 30 15 99 16 4 17 64 
0 47 1 31 2 43 3 89 4 45 5 90 6 43 7 60 8 98 9 38 10 76 11 15 12 16 13 83 14 51 15 45 16 57 17 95 
0 15 1 1 2 10 3 51 4 49 5 48 6 17 7 66 8 56 9 37 10 88 11 13 12 80 13 31 14 42 15 43 16 57 17 62 
0 37 1 79 2 23 3 41 4 55 5 51 6 34 7 14 8 90 9 27 10 94 11 6 12 89 13 43 14 94 15 33 16 12 17 49 
0 75 1 65 2 55 3 74 4 81 5 60 6 42 7 94 8 75 9 99 10 39 11 46 12 29 13 37 14 69 15 44 16 98 17 78 
0 28 1 21 2 45 3 23 4 13 5 13 6 43 7 28 8 12 9 21 10 3 11 27 12 39 13 3 14 49 15 31 16 29 17 20 
0 52 1 85 2 55 3 32 4 60 5 65 6 82 7 79 8 21 9 68 10 85 11 90 12 51 13 31 14 87 15 82 16 88 17 95 
0 38 1 56 2 33 3 7 4 93 5 67 6 58 7 87 8 17 9 45 10 6 11 100 12 37 13 99 14 50 15 88 16 17 17 45 
0 62 1 25 2 15 3 74 4 45 5 54 6 41 7 3 8 5 9 35 10 72 11 38 12 59 13 79 14 97 15 28 16 41 17 63 
0 21 1 60 2 38 3 1 4 50 5 74 6 35 7 23 8 48 9 100 10 76 11 13 12 61 13 72 14 25 15 13 16 40 17 18 
0 83 1 38 2 57 3 71 4 99 5 69 6 92 7 3 8 88 9 30 10 10 11 29 12 18 13 25 14 81 15 84 16 21 17 41 
0 20 1 66 2 33 3 52 4 72 5 54 6 28 7 7 8 68 9 9 10 27 11 47 12 73 13 82 14 74 15 98 16 48 17 72 
0 82 1 20 2 24 3 40 4 93 5 32 6 71 7 71 8 6 9 4 10 10 11 37 12 45 13 85 14 75 15 92 16 45 17 70 
0 77 1 39 2 49 3 78 4 82 5 71 6 26 7 19 8 75 9 72 10 40 11 94 12 61 13 26 14 52 15 67 16 12 17 38 
0 80 1 41 2 24 3 16 4 32 5 95 6 9 7 19 8 36 9 67 10 21 11 58 12 94 13 48 14 52 15 25 16 64 17 75 
0 70 1 35 2 28 3 30 4 71 5 20 6 85 7 89 8 65 9 62 10 94 11 100 12 8 13 14 14 81 15 49 16 17 17 36 
0 71 1 67 2 42 3 49 4 97 5 39 6 18 7 49 8 92 9 50 10 78 11 26 12 5 13 51 14 4 15 11 16 55 17 38 
0 98 1 15 2 48 3 78 4 75 5 61 6 78 7 47 8 88 9 85 10 75 11 19 12 38 13 30 14 42 15 11 16 15 17 86 
0 83 1 88 2 28 3 14 4 46 5 74 6 12 7 14 8 52 9 1 10 99 11 98 12 9 13 43 14 100 15 59 16 97 17 60 
0 67 1 97 2 60 3 40 4 5 5 81 6 25 7 25 8 75 9 31 10 67 11 16 12 56 13 26 14 75 15 76 16 69 17 59 
0 65 1 51 2 20 3 9 4 73 5 60 6 26 7 42 8 20 9 43 10 72 11 24 12 57 13 52 14 36 15 20 16 94 17 70 
0 59 1 84 2 76 3 83 4 32 5 13 6 16 7 71 8 8 9 98 10 48 11 98 12 38 13 68 14 42 15 95 16 68 17 16 
0 8 1 80 2 4 3 63 4 100 5 85 6 69 7 9 8 66 9 34 10 1 11 90 12 62 13 11 14 1 15 38 16 81 17 6 
0 24 1 35 2 62 3 84 4 35 5 42 6 86 7 12 8 100 9 99 10 94 11 39 12 49 13 90 14 33 15 81 16 21 17 72 
0 1 1 22 2 66 3 24 4 74 5 59 6 71 7 23 8 5 9 1 10 2 11 54 12 74 13 93 14 61 15 32 16 74 17 91 
0 20 1 48 2 93 3 55 4 86 5 36 6 75 7 52 8 20 9 91 10 71 11 52 12 81 13 73 14 91 15 51 16 90 17 62 
0 29 1 7 2 54 3 53 4 82 5 37 6 16 7 95 8 55 9 51 10 97 11 10 12 19 13 29 14 63 15 84 16 39 17 52 
0 21 1 2 2 99 3 53 4 6 5 12 6 42 7 65 8 46 9 39 10 33 11 93 12 82 13 35 14 2 15 96 16 50 17 55 
0 66 1 92 2 13 3 73 4 52 5 36 6 52 7 27 8 85 9 48 10 86 11 66 12 57 13 15 14 7 15 61 16 22 17 4 
0 38 1 50 2 53 3 93 4 93 5 95 6 19 7 41 8 66 9 4 10 32 11 17 12 47 13 78 14 46 15 59 16 67 17 44 
0 80 1 57 2 58 3 70 4 73 5 74 6 33 7 68 8 98 9 29 10 65 11 14 12 16 13 53 14 85 15 41 16 10 17 65 
0 1 1 3 2 64 3 36 4 40 5 57 6 84 7 64 8 85 9 91 10 91 11 62 12 96 13 82 14 21 15 75 16 27 17 15 
0 82 1 93 2 58 3 39 4 10 5 86 6 11 7 95 8 6 9 8 10 6 11 100 12 35 13 73 14 51 15 5 16 20 17 22 
0 94 1 22 2 81 3 60 4 75 5 32 6 55 7 60 8 43 9 7 10 79 11 55 12 55 13 64 14 35 15 28 16 23 17 7 
0 79 1 96 2 92 3 58 4 1 5 42 6 18 7 50 8 67 9 68 10 33 11 76 12 37 13 92 14 33 15 28 16 37 17 93 
0 83 1 27 2 87 3 20 4 1 5 50 6 12 7 18 8 54 9 73 10 19 11 39 12 91 13 89 14 38 15 69 16 57 17 59 
0 89 1 39 2 47 3 2 4 5 5 96 6 82 7 69 8 23 9 13 10 56 11 8 12 1 13 60 14 68 15 86 16 97 17 82 
0 78 1 55 2 75 3 49 4 82 5 4 6 37 7 45 8 48 9 20 10 86 11 42 12 92 13 51 14 28 15 34 16 19 17 65 
0 92 1 77 2 10 3 3 4 86 5 98 6 6 7 25 8 18 9 76 10 91 11 15 12 29 13 71 14 4 15 37 16 39 17 98 
0 45 1 2 2 35 3 30 4 94 5 55 6 94 7 5 8 67 9 61 10 58 11 83 12 32 13 97 14 42 15 96 16 82 17 48 
0 10 1 72 2 74 3 98 4 4 5 53 6 59 7 41 8 87 9 4 10 63 11 46 12 93 13 40 14 75 15 27 16 54 17 79 
0 43 1 7 2 74 3 30 4 72 5 78 6 82 7 100 8 89 9 85 10 37 11 41 12 58 13 60 14 25 15 28 16 67 17 61 
0 96 1 90 2 77 3 100 4 3 5 50 6 31 7 31 8 50 9 31 10 84 11 59 12 23 13 18 14 49 15 12 16 17 17 70 
0 72 1 14 2 48 3 60 4 57 5 28 6 25 7 7 8 3 9 87 10 61 11 85 12 64 13 28 14 19 15 5 16 8 17 50 
0 61 1 77 2 63 3 38 4 4 5 58 6 60 7 83 8 72 9 39 10 55 11 97 12 62 13 54 14 90 15 64 16 91 17 56 
0 71 1 1 2 56 3 98 4 51 5 24 6 3 7 37 8 37 9 1 10 26 11 23 12 14 13 21 14 63 15 12 16 97 17 2 
0 98 1 20 2 57 3 61 4 47 5 10 6 95 7 4 8 19 9 73 10 81 11 99 12 23 13 89 14 14 15 17 16 55 17 100 
0 19 1 20 2 10 3 10 4 47 5 26 6 27 7 41 8 34 9 31 10 95 11 31 12 14 13 96 14 97 15 69 16 6 17 8 
0 16 1 84 2 4 3 95 4 22 5 55 6 54 7 73 8 49 9 85 10 55 11 88 12 20 13 74 14 52 15 20 16 7 17 41 
