50 4
0 80 1 57 2 19 3 72 
0 28 1 36 2 22 3 31 
0 89 1 80 2 94 3 77 
0 62 1 99 2 57 3 91 
0 81 1 43 2 79 3 12 
0 80 1 35 2 65 3 28 
0 81 1 42 2 25 3 38 
0 21 1 94 2 27 3 52 
0 63 1 35 2 66 3 25 
0 94 1 92 2 29 3 22 
0 56 1 36 2 20 3 67 
0 28 1 20 2 3 3 13 
0 84 1 78 2 16 3 58 
0 48 1 39 2 10 3 80 
0 89 1 66 2 21 3 54 
0 84 1 55 2 27 3 91 
0 23 1 35 2 58 3 43 
0 8 1 70 2 24 3 2 
0 21 1 3 2 11 3 78 
0 69 1 56 2 50 3 100 
0 22 1 47 2 71 3 8 
0 100 1 24 2 45 3 38 
0 40 1 75 2 68 3 43 
0 59 1 80 2 50 3 26 
0 15 1 12 2 100 3 6 
0 51 1 23 2 76 3 69 
0 51 1 81 2 32 3 61 
0 47 1 90 2 76 3 30 
0 38 1 52 2 94 3 5 
0 46 1 59 2 11 3 46 
0 59 1 71 2 32 3 44 
0 43 1 50 2 24 3 29 
0 76 1 46 2 13 3 1 
0 91 1 5 2 49 3 97 
0 76 1 84 2 92 3 14 
0 4 1 33 2 88 3 10 
0 69 1 52 2 60 3 84 
0 11 1 84 2 62 3 68 
0 34 1 4 2 81 3 76 
0 49 1 89 2 52 3 99 
0 59 1 76 2 61 3 74 
0 25 1 60 2 76 3 16 
0 67 1 28 2 100 3 50 
0 85 1 57 2 21 3 37 
0 70 1 30 2 51 3 55 
0 21 1 97 2 56 3 87 
0 44 1 46 2 91 3 21 
0 9 1 37 2 97 3 66 
0 6 1 81 2 35 3 88 
0 86 1 84 2 70 3 56 
