50 18
0 56 1 86 2 67 3 90 4 90 5 8 6 47 7 60 8 25 9 24 10 29 11 74 12 75 13 85 14 24 15 70 16 5 17 61 
0 12 1 84 2 18 3 57 4 94 5 80 6 71 7 35 8 18 9 39 10 52 11 84 12 30 13 7 14 78 15 75 16 44 17 25 
0 27 1 38 2 3 3 40 4 19 5 68 6 39 7 63 8 69 9 85 10 13 11 79 12 46 13 78 14 5 15 39 16 68 17 85 
0 55 1 22 2 5 3 62 4 28 5 85 6 16 7 94 8 98 9 30 10 100 11 22 12 14 13 94 14 9 15 51 16 91 17 29 
0 15 1 6 2 48 3 47 4 36 5 89 6 39 7 86 8 23 9 88 10 61 11 93 12 7 13 24 14 98 15 30 16 12 17 86 
0 25 1 90 2 1 3 69 4 70 5 45 6 85 7 23 8 2 9 92 10 49 11 35 12 79 13 47 14 58 15 67 16 63 17 88 
0 1 1 16 2 5 3 11 4 17 5 66 6 19 7 5 8 78 9 29 10 23 11 31 12 69 13 11 14 61 15 42 16 50 17 78 
0 11 1 61 2 83 3 84 4 31 5 16 6 87 7 12 8 75 9 63 10 16 11 44 12 71 13 34 14 51 15 45 16 50 17 91 
0 65 1 36 2 54 3 34 4 7 5 94 6 57 7 2 8 63 9 86 10 68 11 3 12 44 13 14 14 21 15 7 16 63 17 46 
0 41 1 58 2 25 3 76 4 17 5 91 6 47 7 59 8 7 9 90 10 60 11 79 12 28 13 77 14 68 15 3 16 73 17 38 
0 17 1 79 2 91 3 37 4 67 5 36 6 14 7 84 8 91 9 29 10 3 11 98 12 59 13 6 14 68 15 97 16 10 17 28 
0 51 1 94 2 19 3 15 4 67 5 63 6 22 7 92 8 96 9 44 10 15 11 55 12 42 13 57 14 64 15 31 16 54 17 30 
0 24 1 58 2 90 3 44 4 93 5 21 6 95 7 29 8 55 9 49 10 54 11 12 12 90 13 50 14 51 15 82 16 52 17 91 
0 53 1 16 2 9 3 85 4 87 5 56 6 66 7 5 8 100 9 80 10 77 11 29 12 33 13 51 14 97 15 2 16 55 17 12 
0 26 1 92 2 7 3 20 4 27 5 21 6 43 7 7 8 89 9 92 10 65 11 70 12 48 13 81 14 74 15 86 16 68 17 13 
0 78 1 70 2 94 3 14 4 83 5 71 6 34 7 19 8 9 9 55 10 50 11 43 12 65 13 35 14 5 15 97 16 8 17 7 
0 72 1 63 2 42 3 97 4 22 5 80 6 3 7 18 8 94 9 70 10 73 11 84 12 37 13 9 14 78 15 24 16 13 17 31 
0 72 1 60 2 38 3 91 4 69 5 13 6 27 7 10 8 56 9 88 10 29 11 3 12 74 13 21 14 36 15 46 16 50 17 13 
0 59 1 100 2 50 3 93 4 65 5 14 6 62 7 10 8 63 9 31 10 90 11 1 12 49 13 99 14 14 15 29 16 11 17 72 
0 88 1 46 2 21 3 85 4 65 5 28 6 55 7 42 8 50 9 85 10 47 11 39 12 5 13 20 14 72 15 55 16 10 17 16 
0 64 1 74 2 81 3 50 4 10 5 10 6 94 7 69 8 10 9 3 10 58 11 89 12 59 13 72 14 10 15 65 16 90 17 55 
0 29 1 29 2 27 3 45 4 24 5 49 6 78 7 37 8 28 9 53 10 42 11 80 12 5 13 100 14 37 15 52 16 20 17 89 
0 59 1 42 2 96 3 70 4 44 5 29 6 24 7 16 8 83 9 51 10 34 11 15 12 42 13 93 14 10 15 68 16 99 17 38 
0 38 1 38 2 64 3 37 4 65 5 85 6 59 7 32 8 67 9 73 10 38 11 86 12 4 13 57 14 20 15 37 16 23 17 72 
0 49 1 60 2 80 3 6 4 77 5 49 6 98 7 93 8 42 9 47 10 45 11 93 12 40 13 57 14 45 15 83 16 17 17 50 
0 74 1 7 2 16 3 54 4 17 5 8 6 63 7 36 8 64 9 34 10 70 11 78 12 48 13 70 14 6 15 41 16 75 17 85 
0 63 1 87 2 55 3 91 4 98 5 72 6 11 7 47 8 54 9 96 10 91 11 89 12 5 13 65 14 51 15 92 16 18 17 61 
0 55 1 62 2 57 3 41 4 93 5 84 6 93 7 92 8 81 9 43 10 79 11 2 12 18 13 52 14 77 15 55 16 79 17 55 
0 91 1 86 2 71 3 3 4 31 5 74 6 86 7 73 8 19 9 43 10 34 11 97 12 15 13 12 14 25 15 37 16 43 17 28 
0 75 1 31 2 27 3 13 4 40 5 71 6 67 7 26 8 22 9 11 10 58 11 73 12 52 13 1 14 5 15 6 16 42 17 44 
0 1 1 77 2 77 3 47 4 10 5 41 6 59 7 70 8 18 9 63 10 40 11 96 12 78 13 54 14 29 15 65 16 68 17 63 
0 84 1 4 2 13 3 70 4 1 5 41 6 86 7 18 8 46 9 75 10 98 11 38 12 63 13 52 14 72 15 47 16 20 17 94 
0 6 1 26 2 16 3 17 4 80 5 69 6 74 7 27 8 51 9 5 10 89 11 88 12 76 13 45 14 33 15 17 16 100 17 59 
0 25 1 93 2 55 3 37 4 58 5 79 6 88 7 64 8 77 9 32 10 26 11 68 12 1 13 22 14 90 15 62 16 38 17 83 
0 76 1 38 2 51 3 64 4 49 5 21 6 14 7 66 8 83 9 56 10 42 11 75 12 31 13 88 14 81 15 28 16 18 17 72 
0 25 1 25 2 78 3 48 4 92 5 17 6 54 7 59 8 12 9 63 10 12 11 95 12 92 13 50 14 28 15 8 16 27 17 20 
0 62 1 4 2 84 3 29 4 2 5 47 6 97 7 83 8 91 9 85 10 87 11 34 12 48 13 47 14 82 15 29 16 80 17 66 
0 32 1 68 2 58 3 61 4 19 5 40 6 46 7 34 8 95 9 99 10 19 11 37 12 92 13 74 14 26 15 4 16 94 17 79 
0 35 1 22 2 38 3 21 4 89 5 71 6 84 7 80 8 6 9 87 10 15 11 23 12 75 13 7 14 56 15 19 16 4 17 23 
0 73 1 28 2 31 3 62 4 62 5 84 6 21 7 26 8 87 9 72 10 45 11 87 12 57 13 42 14 55 15 7 16 7 17 84 
0 16 1 83 2 9 3 87 4 51 5 68 6 48 7 73 8 36 9 14 10 82 11 79 12 82 13 19 14 9 15 87 16 78 17 31 
0 47 1 36 2 20 3 62 4 41 5 10 6 49 7 94 8 53 9 87 10 66 11 30 12 52 13 59 14 1 15 29 16 42 17 95 
0 47 1 46 2 92 3 98 4 93 5 17 6 73 7 43 8 73 9 79 10 53 11 45 12 78 13 62 14 84 15 55 16 70 17 3 
0 45 1 45 2 44 3 95 4 86 5 74 6 98 7 44 8 36 9 54 10 69 11 32 12 25 13 53 14 1 15 38 16 77 17 97 
0 11 1 95 2 2 3 39 4 41 5 71 6 35 7 50 8 38 9 28 10 25 11 32 12 63 13 67 14 55 15 37 16 92 17 44 
0 66 1 45 2 77 3 27 4 27 5 12 6 27 7 5 8 16 9 18 10 77 11 27 12 53 13 81 14 33 15 98 16 93 17 2 
0 39 1 76 2 68 3 43 4 34 5 61 6 96 7 91 8 74 9 42 10 45 11 81 12 81 13 71 14 100 15 100 16 76 17 70 
0 47 1 75 2 68 3 82 4 65 5 88 6 79 7 26 8 68 9 5 10 4 11 57 12 24 13 19 14 65 15 40 16 17 17 87 
0 25 1 3 2 43 3 44 4 35 5 12 6 82 7 7 8 24 9 29 10 95 11 3 12 24 13 24 14 74 15 39 16 41 17 16 
0 72 1 87 2 11 3 71 4 73 5 21 6 3 7 5 8 32 9 67 10 11 11 68 12 46 13 80 14 83 15 42 16 37 17 10 
