50 15
0 41 1 85 2 64 3 76 4 3 5 18 6 18 7 98 8 47 9 83 10 56 11 32 12 68 13 57 14 51 
0 84 1 97 2 52 3 56 4 17 5 27 6 19 7 45 8 100 9 98 10 48 11 36 12 98 13 30 14 91 
0 34 1 48 2 87 3 15 4 30 5 8 6 64 7 15 8 62 9 71 10 3 11 61 12 64 13 70 14 14 
0 72 1 40 2 85 3 94 4 16 5 95 6 26 7 38 8 69 9 71 10 23 11 68 12 18 13 85 14 94 
0 43 1 25 2 67 3 52 4 21 5 13 6 56 7 39 8 60 9 66 10 25 11 38 12 18 13 2 14 56 
0 63 1 5 2 90 3 51 4 55 5 23 6 10 7 32 8 72 9 53 10 71 11 16 12 43 13 39 14 1 
0 54 1 91 2 28 3 22 4 69 5 1 6 57 7 54 8 41 9 20 10 24 11 74 12 33 13 64 14 22 
0 65 1 76 2 75 3 51 4 34 5 66 6 8 7 60 8 94 9 98 10 11 11 12 12 67 13 5 14 88 
0 86 1 12 2 91 3 2 4 91 5 30 6 84 7 47 8 18 9 55 10 9 11 22 12 58 13 45 14 46 
0 53 1 78 2 88 3 100 4 66 5 35 6 44 7 65 8 62 9 65 10 32 11 75 12 67 13 82 14 26 
0 93 1 71 2 80 3 89 4 55 5 67 6 92 7 7 8 63 9 45 10 15 11 58 12 78 13 90 14 18 
0 18 1 98 2 34 3 75 4 87 5 54 6 4 7 100 8 14 9 81 10 28 11 61 12 99 13 90 14 87 
0 24 1 90 2 92 3 18 4 6 5 56 6 89 7 96 8 90 9 27 10 99 11 72 12 10 13 82 14 48 
0 23 1 76 2 60 3 78 4 4 5 43 6 45 7 1 8 35 9 15 10 50 11 98 12 18 13 32 14 47 
0 76 1 57 2 48 3 2 4 31 5 58 6 5 7 54 8 60 9 14 10 2 11 32 12 65 13 70 14 100 
0 73 1 6 2 22 3 47 4 84 5 48 6 2 7 19 8 87 9 52 10 97 11 51 12 20 13 87 14 3 
0 62 1 66 2 31 3 67 4 64 5 77 6 79 7 33 8 44 9 45 10 50 11 80 12 8 13 30 14 92 
0 40 1 73 2 63 3 35 4 77 5 4 6 41 7 92 8 6 9 82 10 13 11 78 12 64 13 12 14 51 
0 58 1 7 2 51 3 31 4 25 5 67 6 80 7 76 8 55 9 89 10 48 11 84 12 87 13 92 14 45 
0 72 1 59 2 4 3 28 4 39 5 52 6 69 7 54 8 66 9 15 10 77 11 91 12 97 13 66 14 13 
0 2 1 99 2 15 3 91 4 31 5 21 6 14 7 58 8 70 9 11 10 87 11 40 12 3 13 39 14 79 
0 71 1 100 2 68 3 39 4 58 5 30 6 59 7 81 8 80 9 23 10 20 11 70 12 89 13 98 14 20 
0 70 1 84 2 60 3 58 4 91 5 65 6 80 7 10 8 77 9 2 10 14 11 98 12 37 13 78 14 14 
0 11 1 87 2 64 3 32 4 66 5 40 6 22 7 43 8 78 9 41 10 1 11 19 12 97 13 5 14 90 
0 83 1 20 2 46 3 5 4 56 5 42 6 77 7 99 8 13 9 54 10 64 11 97 12 96 13 98 14 48 
0 3 1 12 2 3 3 2 4 30 5 34 6 57 7 92 8 85 9 94 10 17 11 59 12 94 13 57 14 39 
0 22 1 19 2 78 3 77 4 16 5 68 6 17 7 18 8 12 9 31 10 44 11 81 12 13 13 77 14 52 
0 39 1 53 2 47 3 21 4 20 5 44 6 67 7 55 8 83 9 29 10 14 11 2 12 52 13 86 14 32 
0 36 1 12 2 55 3 21 4 46 5 80 6 69 7 33 8 37 9 78 10 27 11 86 12 33 13 75 14 61 
0 94 1 81 2 100 3 4 4 94 5 13 6 31 7 73 8 75 9 94 10 64 11 99 12 33 13 76 14 38 
0 39 1 93 2 6 3 37 4 37 5 5 6 54 7 70 8 2 9 55 10 40 11 14 12 34 13 91 14 70 
0 63 1 56 2 82 3 73 4 100 5 50 6 80 7 60 8 44 9 11 10 46 11 93 12 27 13 99 14 4 
0 36 1 99 2 7 3 13 4 29 5 75 6 63 7 16 8 72 9 80 10 70 11 73 12 85 13 15 14 93 
0 48 1 15 2 99 3 93 4 43 5 70 6 6 7 64 8 40 9 92 10 40 11 85 12 95 13 11 14 70 
0 77 1 62 2 78 3 62 4 91 5 9 6 86 7 74 8 6 9 55 10 13 11 94 12 59 13 28 14 30 
0 85 1 68 2 99 3 78 4 10 5 97 6 47 7 14 8 14 9 48 10 56 11 42 12 10 13 52 14 45 
0 32 1 87 2 23 3 15 4 86 5 16 6 51 7 50 8 9 9 99 10 24 11 47 12 16 13 80 14 74 
0 100 1 79 2 39 3 62 4 78 5 54 6 45 7 97 8 95 9 25 10 15 11 29 12 59 13 29 14 56 
0 72 1 53 2 15 3 5 4 48 5 76 6 17 7 14 8 55 9 73 10 17 11 18 12 55 13 8 14 27 
0 29 1 92 2 70 3 40 4 18 5 91 6 9 7 82 8 28 9 68 10 92 11 8 12 75 13 94 14 69 
0 31 1 17 2 37 3 98 4 90 5 34 6 35 7 29 8 27 9 12 10 9 11 30 12 74 13 27 14 76 
0 93 1 73 2 69 3 50 4 75 5 49 6 45 7 63 8 68 9 32 10 3 11 25 12 14 13 38 14 62 
0 31 1 53 2 59 3 67 4 53 5 85 6 6 7 57 8 72 9 76 10 36 11 74 12 57 13 20 14 82 
0 60 1 18 2 45 3 94 4 15 5 22 6 16 7 12 8 20 9 40 10 31 11 53 12 44 13 45 14 24 
0 95 1 9 2 82 3 60 4 98 5 100 6 11 7 67 8 80 9 60 10 44 11 50 12 62 13 5 14 92 
0 79 1 65 2 23 3 31 4 40 5 95 6 12 7 23 8 63 9 58 10 15 11 25 12 79 13 72 14 52 
0 35 1 8 2 44 3 13 4 10 5 89 6 1 7 34 8 35 9 82 10 3 11 32 12 19 13 47 14 73 
0 92 1 7 2 96 3 90 4 31 5 93 6 9 7 33 8 55 9 11 10 10 11 40 12 76 13 44 14 93 
0 28 1 21 2 14 3 73 4 3 5 49 6 31 7 76 8 67 9 23 10 81 11 61 12 50 13 78 14 31 
0 60 1 19 2 8 3 42 4 15 5 22 6 80 7 1 8 14 9 89 10 40 11 41 12 99 13 50 14 68 
