50 5
0 21 1 70 2 87 3 40 4 65 
0 94 1 81 2 44 3 40 4 29 
0 80 1 80 2 16 3 18 4 41 
0 56 1 94 2 100 3 82 4 30 
0 16 1 99 2 77 3 50 4 52 
0 7 1 57 2 61 3 46 4 22 
0 83 1 52 2 72 3 42 4 25 
0 76 1 85 2 29 3 59 4 86 
0 76 1 7 2 58 3 58 4 70 
0 63 1 28 2 32 3 95 4 87 
0 4 1 27 2 10 3 99 4 82 
0 10 1 79 2 10 3 92 4 62 
0 72 1 5 2 4 3 51 4 2 
0 69 1 65 2 1 3 100 4 46 
0 66 1 16 2 8 3 77 4 40 
0 51 1 56 2 7 3 61 4 3 
0 13 1 64 2 31 3 75 4 65 
0 38 1 7 2 45 3 71 4 66 
0 31 1 80 2 27 3 96 4 57 
0 32 1 70 2 61 3 15 4 65 
0 36 1 40 2 1 3 29 4 82 
0 67 1 85 2 45 3 83 4 70 
0 89 1 2 2 45 3 46 4 81 
0 21 1 25 2 62 3 71 4 16 
0 92 1 34 2 66 3 55 4 72 
0 60 1 95 2 25 3 39 4 73 
0 45 1 83 2 65 3 68 4 61 
0 14 1 20 2 65 3 70 4 84 
0 91 1 94 2 63 3 2 4 91 
0 19 1 28 2 75 3 28 4 42 
0 76 1 88 2 8 3 84 4 4 
0 32 1 88 2 74 3 49 4 78 
0 38 1 72 2 60 3 39 4 91 
0 57 1 95 2 76 3 24 4 79 
0 85 1 70 2 85 3 100 4 64 
0 76 1 87 2 66 3 92 4 96 
0 69 1 12 2 77 3 79 4 38 
0 31 1 52 2 64 3 61 4 69 
0 46 1 2 2 48 3 60 4 38 
0 37 1 16 2 13 3 44 4 42 
0 29 1 3 2 61 3 31 4 5 
0 38 1 7 2 84 3 96 4 55 
0 95 1 18 2 97 3 19 4 100 
0 59 1 71 2 40 3 34 4 41 
0 60 1 64 2 10 3 63 4 89 
0 95 1 61 2 49 3 12 4 50 
0 53 1 32 2 86 3 79 4 62 
0 100 1 64 2 41 3 52 4 45 
0 33 1 36 2 30 3 54 4 11 
0 10 1 39 2 29 3 65 4 82 
