50 9
0 66 1 86 2 1 3 83 4 100 5 54 6 16 7 83 8 61 
0 87 1 92 2 11 3 88 4 77 5 67 6 46 7 4 8 44 
0 23 1 42 2 45 3 82 4 18 5 26 6 58 7 66 8 22 
0 19 1 87 2 70 3 63 4 9 5 84 6 15 7 55 8 21 
0 8 1 77 2 75 3 72 4 63 5 99 6 1 7 93 8 1 
0 36 1 2 2 36 3 82 4 98 5 2 6 4 7 1 8 73 
0 79 1 5 2 47 3 17 4 32 5 73 6 5 7 9 8 1 
0 65 1 53 2 20 3 91 4 89 5 23 6 69 7 24 8 80 
0 51 1 24 2 10 3 15 4 4 5 32 6 14 7 29 8 89 
0 23 1 46 2 30 3 2 4 76 5 48 6 10 7 26 8 94 
0 73 1 84 2 34 3 17 4 14 5 18 6 58 7 94 8 26 
0 6 1 92 2 12 3 55 4 12 5 18 6 19 7 4 8 99 
0 62 1 94 2 32 3 20 4 32 5 4 6 27 7 13 8 94 
0 25 1 13 2 94 3 94 4 93 5 57 6 91 7 93 8 26 
0 93 1 34 2 64 3 89 4 76 5 62 6 45 7 97 8 9 
0 93 1 83 2 9 3 16 4 69 5 18 6 59 7 42 8 12 
0 13 1 72 2 47 3 50 4 45 5 62 6 86 7 11 8 87 
0 95 1 10 2 63 3 29 4 31 5 47 6 69 7 58 8 94 
0 40 1 23 2 89 3 87 4 39 5 91 6 42 7 1 8 20 
0 94 1 17 2 65 3 10 4 51 5 61 6 15 7 29 8 71 
0 10 1 80 2 3 3 68 4 15 5 64 6 80 7 96 8 8 
0 34 1 67 2 65 3 69 4 89 5 30 6 58 7 74 8 11 
0 94 1 80 2 55 3 59 4 41 5 59 6 81 7 24 8 18 
0 58 1 25 2 97 3 29 4 77 5 26 6 34 7 64 8 73 
0 28 1 36 2 67 3 42 4 10 5 97 6 67 7 45 8 80 
0 14 1 51 2 26 3 41 4 94 5 86 6 77 7 4 8 3 
0 88 1 58 2 32 3 26 4 10 5 85 6 40 7 84 8 56 
0 74 1 27 2 90 3 22 4 44 5 23 6 10 7 78 8 73 
0 61 1 37 2 90 3 90 4 91 5 69 6 1 7 41 8 20 
0 96 1 73 2 72 3 47 4 20 5 7 6 44 7 11 8 16 
0 21 1 79 2 65 3 1 4 61 5 89 6 64 7 67 8 62 
0 37 1 96 2 26 3 89 4 19 5 59 6 2 7 77 8 97 
0 15 1 8 2 19 3 76 4 39 5 26 6 39 7 69 8 87 
0 72 1 54 2 23 3 100 4 35 5 45 6 24 7 97 8 56 
0 10 1 8 2 8 3 81 4 81 5 24 6 26 7 22 8 47 
0 85 1 48 2 35 3 24 4 20 5 68 6 64 7 51 8 59 
0 87 1 73 2 23 3 3 4 62 5 86 6 73 7 33 8 20 
0 1 1 31 2 97 3 61 4 36 5 44 6 25 7 74 8 18 
0 75 1 38 2 85 3 32 4 8 5 90 6 47 7 57 8 84 
0 8 1 55 2 57 3 89 4 20 5 91 6 89 7 14 8 68 
0 90 1 42 2 37 3 73 4 97 5 95 6 54 7 34 8 23 
0 7 1 9 2 28 3 83 4 96 5 39 6 62 7 65 8 68 
0 87 1 94 2 96 3 1 4 84 5 7 6 14 7 8 8 66 
0 41 1 53 2 86 3 12 4 54 5 77 6 23 7 26 8 49 
0 36 1 88 2 64 3 29 4 32 5 88 6 20 7 17 8 34 
0 51 1 81 2 12 3 75 4 70 5 93 6 31 7 87 8 9 
0 80 1 56 2 100 3 17 4 26 5 88 6 35 7 2 8 13 
0 2 1 92 2 15 3 10 4 7 5 13 6 42 7 85 8 96 
0 90 1 18 2 49 3 46 4 35 5 66 6 82 7 97 8 95 
0 21 1 11 2 21 3 93 4 55 5 60 6 3 7 36 8 78 
