50 5
0 42 1 31 2 16 3 65 4 77 
0 25 1 88 2 34 3 1 4 22 
0 59 1 61 2 48 3 30 4 24 
0 71 1 44 2 50 3 59 4 17 
0 58 1 75 2 9 3 9 4 90 
0 50 1 44 2 25 3 89 4 81 
0 100 1 90 2 65 3 92 4 34 
0 63 1 45 2 26 3 66 4 81 
0 72 1 46 2 19 3 90 4 43 
0 5 1 12 2 54 3 16 4 74 
0 25 1 57 2 83 3 52 4 36 
0 37 1 16 2 81 3 15 4 70 
0 27 1 39 2 78 3 18 4 50 
0 90 1 39 2 32 3 4 4 17 
0 96 1 53 2 26 3 13 4 96 
0 83 1 14 2 7 3 77 4 22 
0 84 1 62 2 15 3 56 4 23 
0 1 1 5 2 88 3 99 4 99 
0 29 1 87 2 20 3 83 4 10 
0 59 1 29 2 87 3 7 4 40 
0 35 1 31 2 52 3 96 4 30 
0 82 1 11 2 88 3 72 4 72 
0 1 1 48 2 34 3 33 4 4 
0 68 1 64 2 22 3 31 4 87 
0 5 1 34 2 67 3 86 4 75 
0 70 1 91 2 100 3 63 4 25 
0 11 1 91 2 16 3 57 4 88 
0 79 1 52 2 39 3 89 4 87 
0 23 1 76 2 25 3 58 4 46 
0 32 1 9 2 48 3 75 4 73 
0 79 1 61 2 41 3 8 4 51 
0 73 1 46 2 85 3 27 4 49 
0 35 1 28 2 3 3 51 4 19 
0 57 1 69 2 19 3 76 4 21 
0 56 1 13 2 68 3 95 4 91 
0 15 1 22 2 82 3 80 4 22 
0 26 1 40 2 67 3 82 4 38 
0 43 1 15 2 50 3 63 4 49 
0 28 1 72 2 84 3 89 4 71 
0 37 1 89 2 6 3 91 4 46 
0 96 1 93 2 8 3 41 4 10 
0 33 1 77 2 34 3 97 4 18 
0 73 1 24 2 2 3 7 4 77 
0 7 1 100 2 30 3 22 4 69 
0 27 1 22 2 47 3 96 4 65 
0 14 1 69 2 18 3 33 4 94 
0 67 1 7 2 27 3 5 4 26 
0 40 1 35 2 10 3 46 4 10 
0 38 1 51 2 7 3 11 4 33 
0 47 1 49 2 12 3 55 4 92 
