50 8
0 28 1 61 2 2 3 22 4 59 5 57 6 65 7 70 
0 65 1 30 2 61 3 99 4 67 5 95 6 90 7 2 
0 91 1 55 2 63 3 97 4 99 5 54 6 63 7 51 
0 86 1 38 2 5 3 1 4 89 5 40 6 84 7 51 
0 72 1 95 2 84 3 59 4 17 5 10 6 14 7 22 
0 85 1 20 2 79 3 82 4 5 5 20 6 14 7 10 
0 83 1 39 2 84 3 52 4 85 5 23 6 82 7 31 
0 91 1 93 2 25 3 88 4 54 5 65 6 64 7 10 
0 91 1 68 2 48 3 55 4 28 5 9 6 35 7 85 
0 11 1 19 2 23 3 19 4 98 5 71 6 100 7 37 
0 43 1 96 2 94 3 77 4 10 5 73 6 54 7 95 
0 99 1 89 2 73 3 51 4 30 5 54 6 32 7 95 
0 36 1 50 2 49 3 29 4 39 5 27 6 49 7 92 
0 59 1 61 2 31 3 93 4 75 5 47 6 97 7 96 
0 45 1 50 2 51 3 65 4 84 5 46 6 35 7 79 
0 82 1 55 2 99 3 20 4 45 5 24 6 34 7 46 
0 59 1 41 2 17 3 87 4 70 5 42 6 59 7 98 
0 82 1 14 2 33 3 30 4 59 5 3 6 6 7 38 
0 35 1 24 2 5 3 60 4 83 5 33 6 74 7 45 
0 93 1 10 2 43 3 72 4 79 5 25 6 92 7 84 
0 62 1 85 2 20 3 5 4 41 5 46 6 58 7 18 
0 91 1 69 2 44 3 71 4 14 5 20 6 54 7 50 
0 76 1 90 2 46 3 7 4 87 5 56 6 38 7 48 
0 68 1 98 2 76 3 38 4 94 5 74 6 39 7 88 
0 89 1 75 2 25 3 89 4 95 5 81 6 11 7 74 
0 77 1 55 2 66 3 30 4 22 5 41 6 64 7 33 
0 94 1 31 2 90 3 11 4 61 5 85 6 86 7 62 
0 17 1 41 2 90 3 36 4 55 5 58 6 59 7 72 
0 14 1 11 2 73 3 98 4 64 5 1 6 96 7 48 
0 9 1 25 2 19 3 79 4 3 5 35 6 63 7 98 
0 75 1 10 2 49 3 50 4 75 5 73 6 47 7 44 
0 74 1 85 2 19 3 41 4 33 5 29 6 30 7 44 
0 69 1 7 2 30 3 82 4 73 5 81 6 35 7 31 
0 69 1 60 2 95 3 23 4 88 5 16 6 94 7 29 
0 58 1 9 2 100 3 36 4 5 5 96 6 85 7 78 
0 80 1 42 2 77 3 36 4 8 5 86 6 5 7 96 
0 92 1 28 2 30 3 81 4 22 5 41 6 23 7 7 
0 90 1 28 2 28 3 26 4 85 5 79 6 94 7 11 
0 48 1 47 2 10 3 77 4 62 5 29 6 1 7 27 
0 100 1 23 2 53 3 58 4 91 5 30 6 90 7 3 
0 63 1 57 2 68 3 53 4 85 5 50 6 12 7 94 
0 39 1 99 2 69 3 40 4 30 5 31 6 51 7 19 
0 92 1 12 2 66 3 45 4 42 5 27 6 66 7 81 
0 41 1 27 2 70 3 89 4 64 5 92 6 50 7 48 
0 88 1 60 2 7 3 85 4 60 5 100 6 14 7 71 
0 9 1 20 2 100 3 49 4 49 5 9 6 98 7 22 
0 63 1 13 2 12 3 17 4 70 5 71 6 11 7 86 
0 11 1 78 2 9 3 36 4 71 5 95 6 6 7 37 
0 56 1 57 2 42 3 7 4 76 5 27 6 100 7 55 
0 35 1 25 2 95 3 83 4 9 5 100 6 2 7 24 
