50 3
0 77 1 63 2 26 
0 92 1 1 2 9 
0 56 1 97 2 78 
0 17 1 34 2 100 
0 22 1 84 2 79 
0 10 1 16 2 33 
0 22 1 56 2 69 
0 76 1 75 2 92 
0 64 1 69 2 64 
0 68 1 43 2 65 
0 13 1 61 2 28 
0 74 1 88 2 59 
0 11 1 88 2 98 
0 90 1 83 2 68 
0 81 1 61 2 89 
0 31 1 27 2 4 
0 89 1 23 2 25 
0 3 1 67 2 57 
0 73 1 87 2 96 
0 37 1 57 2 87 
0 61 1 29 2 51 
0 77 1 35 2 52 
0 31 1 40 2 63 
0 60 1 20 2 34 
0 67 1 83 2 58 
0 57 1 26 2 41 
0 57 1 10 2 27 
0 21 1 99 2 31 
0 67 1 52 2 82 
0 90 1 41 2 47 
0 83 1 11 2 7 
0 27 1 54 2 96 
0 40 1 21 2 69 
0 77 1 36 2 7 
0 24 1 4 2 38 
0 80 1 41 2 33 
0 32 1 87 2 66 
0 4 1 69 2 69 
0 90 1 51 2 60 
0 81 1 75 2 44 
0 17 1 93 2 48 
0 67 1 57 2 97 
0 50 1 82 2 61 
0 60 1 87 2 97 
0 80 1 24 2 56 
0 99 1 93 2 21 
0 18 1 14 2 35 
0 50 1 2 2 69 
0 20 1 49 2 51 
0 15 1 82 2 22 
