50 13
0 10 1 80 2 83 3 44 4 25 5 60 6 96 7 26 8 25 9 82 10 14 11 21 12 98 
0 31 1 18 2 76 3 43 4 31 5 37 6 37 7 58 8 38 9 37 10 97 11 91 12 22 
0 32 1 6 2 56 3 81 4 93 5 69 6 93 7 51 8 60 9 28 10 46 11 81 12 54 
0 67 1 84 2 47 3 17 4 55 5 57 6 74 7 28 8 53 9 10 10 48 11 72 12 99 
0 81 1 45 2 17 3 23 4 98 5 25 6 47 7 37 8 64 9 8 10 36 11 65 12 68 
0 93 1 11 2 59 3 25 4 22 5 58 6 70 7 26 8 99 9 95 10 88 11 99 12 87 
0 94 1 97 2 58 3 8 4 10 5 80 6 35 7 80 8 22 9 62 10 20 11 11 12 11 
0 39 1 15 2 18 3 65 4 24 5 41 6 28 7 38 8 97 9 36 10 28 11 83 12 90 
0 96 1 91 2 2 3 32 4 62 5 60 6 27 7 39 8 87 9 81 10 7 11 96 12 21 
0 71 1 31 2 81 3 73 4 59 5 52 6 67 7 17 8 8 9 33 10 24 11 18 12 76 
0 34 1 87 2 73 3 10 4 46 5 39 6 9 7 32 8 16 9 18 10 38 11 16 12 45 
0 52 1 2 2 93 3 69 4 84 5 67 6 2 7 52 8 24 9 42 10 74 11 44 12 100 
0 87 1 52 2 8 3 7 4 88 5 46 6 6 7 2 8 43 9 66 10 67 11 51 12 62 
0 8 1 2 2 90 3 70 4 53 5 1 6 19 7 42 8 25 9 69 10 2 11 17 12 94 
0 52 1 59 2 76 3 7 4 1 5 90 6 86 7 24 8 10 9 12 10 53 11 70 12 11 
0 98 1 11 2 38 3 88 4 78 5 40 6 13 7 39 8 54 9 57 10 55 11 62 12 95 
0 57 1 67 2 1 3 1 4 89 5 72 6 66 7 70 8 64 9 97 10 50 11 88 12 7 
0 88 1 6 2 37 3 74 4 44 5 26 6 27 7 60 8 82 9 58 10 87 11 72 12 18 
0 46 1 47 2 50 3 3 4 60 5 31 6 27 7 34 8 69 9 65 10 47 11 41 12 49 
0 32 1 50 2 12 3 69 4 11 5 35 6 7 7 100 8 3 9 13 10 26 11 83 12 3 
0 63 1 29 2 41 3 58 4 50 5 88 6 41 7 47 8 68 9 95 10 8 11 2 12 93 
0 81 1 22 2 6 3 84 4 95 5 30 6 37 7 85 8 65 9 47 10 17 11 34 12 44 
0 46 1 30 2 22 3 8 4 15 5 66 6 6 7 98 8 61 9 31 10 82 11 53 12 87 
0 13 1 61 2 74 3 52 4 47 5 64 6 2 7 27 8 57 9 7 10 71 11 51 12 58 
0 29 1 38 2 91 3 95 4 25 5 91 6 74 7 34 8 97 9 5 10 95 11 26 12 62 
0 9 1 5 2 8 3 51 4 18 5 86 6 58 7 38 8 39 9 8 10 85 11 14 12 19 
0 81 1 77 2 11 3 28 4 83 5 63 6 52 7 80 8 27 9 47 10 44 11 39 12 53 
0 1 1 22 2 51 3 94 4 49 5 21 6 60 7 55 8 21 9 55 10 63 11 32 12 99 
0 56 1 68 2 37 3 99 4 1 5 14 6 87 7 34 8 49 9 68 10 59 11 64 12 87 
0 4 1 94 2 7 3 87 4 79 5 2 6 48 7 31 8 80 9 21 10 24 11 18 12 66 
0 58 1 77 2 85 3 74 4 44 5 59 6 34 7 44 8 22 9 47 10 47 11 76 12 30 
0 78 1 46 2 91 3 78 4 62 5 30 6 69 7 88 8 2 9 100 10 82 11 89 12 4 
0 17 1 12 2 3 3 3 4 73 5 16 6 83 7 94 8 20 9 97 10 4 11 18 12 79 
0 100 1 42 2 91 3 6 4 75 5 100 6 93 7 94 8 67 9 12 10 62 11 67 12 8 
0 89 1 37 2 40 3 73 4 11 5 35 6 4 7 25 8 23 9 74 10 61 11 52 12 45 
0 36 1 50 2 62 3 64 4 61 5 22 6 14 7 76 8 1 9 84 10 65 11 42 12 14 
0 58 1 40 2 7 3 65 4 81 5 96 6 57 7 79 8 65 9 33 10 14 11 61 12 10 
0 84 1 50 2 92 3 47 4 34 5 85 6 61 7 83 8 52 9 68 10 1 11 64 12 20 
0 79 1 42 2 75 3 91 4 80 5 19 6 6 7 61 8 35 9 63 10 16 11 72 12 74 
0 54 1 96 2 14 3 31 4 43 5 84 6 62 7 50 8 62 9 46 10 50 11 92 12 3 
0 14 1 72 2 78 3 94 4 40 5 63 6 37 7 64 8 91 9 6 10 31 11 31 12 42 
0 96 1 11 2 4 3 95 4 60 5 71 6 83 7 99 8 85 9 35 10 2 11 45 12 7 
0 6 1 20 2 60 3 94 4 40 5 78 6 30 7 4 8 16 9 76 10 73 11 64 12 14 
0 4 1 36 2 50 3 42 4 29 5 64 6 17 7 18 8 24 9 24 10 13 11 4 12 70 
0 45 1 79 2 21 3 42 4 89 5 53 6 84 7 93 8 89 9 99 10 88 11 10 12 62 
0 43 1 82 2 45 3 50 4 29 5 14 6 33 7 53 8 98 9 84 10 45 11 45 12 21 
0 67 1 53 2 23 3 44 4 62 5 54 6 73 7 2 8 16 9 45 10 86 11 69 12 85 
0 2 1 45 2 12 3 56 4 20 5 87 6 2 7 22 8 53 9 65 10 90 11 41 12 21 
0 45 1 56 2 57 3 3 4 15 5 29 6 31 7 9 8 79 9 32 10 48 11 81 12 77 
0 1 1 93 2 2 3 19 4 84 5 9 6 56 7 65 8 12 9 11 10 42 11 16 12 28 
