50 2
0 43 1 33 
0 61 1 55 
0 68 1 33 
0 10 1 19 
0 44 1 12 
0 13 1 79 
0 32 1 22 
0 87 1 47 
0 63 1 51 
0 42 1 21 
0 100 1 62 
0 12 1 59 
0 54 1 73 
0 78 1 17 
0 25 1 36 
0 44 1 53 
0 89 1 10 
0 7 1 55 
0 89 1 50 
0 87 1 46 
0 23 1 80 
0 53 1 79 
0 96 1 12 
0 79 1 83 
0 43 1 91 
0 88 1 40 
0 98 1 10 
0 35 1 68 
0 20 1 76 
0 27 1 58 
0 41 1 77 
0 83 1 81 
0 61 1 19 
0 17 1 15 
0 83 1 96 
0 79 1 28 
0 1 1 69 
0 94 1 48 
0 28 1 77 
0 57 1 74 
0 16 1 55 
0 11 1 94 
0 11 1 25 
0 35 1 51 
0 69 1 94 
0 30 1 52 
0 38 1 31 
0 15 1 77 
0 92 1 37 
0 21 1 55 
