50 13
0 3 1 69 2 30 3 27 4 57 5 88 6 4 7 71 8 21 9 95 10 10 11 36 12 7 
0 93 1 3 2 57 3 84 4 63 5 64 6 49 7 9 8 12 9 65 10 12 11 34 12 11 
0 80 1 13 2 39 3 67 4 2 5 31 6 5 7 13 8 47 9 74 10 77 11 57 12 35 
0 74 1 43 2 43 3 54 4 74 5 67 6 41 7 48 8 2 9 55 10 100 11 73 12 12 
0 17 1 21 2 43 3 8 4 89 5 87 6 91 7 96 8 84 9 26 10 33 11 34 12 45 
0 78 1 51 2 27 3 59 4 45 5 27 6 34 7 12 8 10 9 84 10 42 11 50 12 60 
0 9 1 58 2 90 3 42 4 82 5 81 6 20 7 26 8 68 9 94 10 19 11 22 12 71 
0 91 1 58 2 73 3 36 4 72 5 14 6 92 7 67 8 87 9 35 10 54 11 78 12 35 
0 81 1 52 2 81 3 15 4 96 5 99 6 18 7 70 8 73 9 88 10 51 11 79 12 77 
0 19 1 36 2 26 3 88 4 79 5 34 6 1 7 33 8 36 9 58 10 27 11 38 12 27 
0 58 1 21 2 88 3 1 4 39 5 80 6 62 7 25 8 14 9 54 10 23 11 63 12 20 
0 29 1 8 2 54 3 71 4 46 5 26 6 100 7 77 8 35 9 46 10 30 11 9 12 43 
0 4 1 70 2 82 3 35 4 59 5 3 6 49 7 48 8 21 9 49 10 70 11 96 12 79 
0 17 1 53 2 60 3 46 4 16 5 80 6 93 7 87 8 75 9 96 10 55 11 47 12 38 
0 42 1 5 2 98 3 28 4 31 5 65 6 46 7 50 8 63 9 35 10 30 11 43 12 28 
0 91 1 49 2 79 3 57 4 85 5 73 6 31 7 84 8 97 9 75 10 73 11 48 12 63 
0 79 1 90 2 2 3 15 4 38 5 39 6 69 7 49 8 24 9 20 10 74 11 40 12 95 
0 92 1 26 2 58 3 80 4 4 5 59 6 71 7 46 8 39 9 88 10 58 11 46 12 74 
0 18 1 78 2 74 3 67 4 33 5 90 6 80 7 90 8 64 9 63 10 83 11 90 12 95 
0 76 1 59 2 55 3 11 4 85 5 28 6 78 7 80 8 41 9 61 10 90 11 84 12 53 
0 83 1 29 2 16 3 97 4 49 5 43 6 62 7 49 8 85 9 44 10 10 11 63 12 58 
0 21 1 95 2 6 3 80 4 52 5 68 6 13 7 39 8 30 9 10 10 98 11 48 12 2 
0 82 1 91 2 37 3 77 4 56 5 93 6 47 7 37 8 2 9 56 10 21 11 92 12 67 
0 14 1 58 2 28 3 84 4 96 5 3 6 69 7 25 8 38 9 27 10 13 11 4 12 68 
0 95 1 89 2 71 3 44 4 87 5 99 6 40 7 17 8 4 9 19 10 14 11 83 12 20 
0 1 1 37 2 88 3 4 4 76 5 2 6 12 7 66 8 66 9 36 10 34 11 72 12 33 
0 39 1 90 2 66 3 53 4 43 5 20 6 49 7 23 8 98 9 26 10 71 11 17 12 22 
0 13 1 1 2 95 3 30 4 100 5 44 6 54 7 55 8 28 9 84 10 7 11 1 12 73 
0 8 1 34 2 86 3 54 4 37 5 56 6 40 7 65 8 3 9 32 10 72 11 57 12 75 
0 50 1 58 2 93 3 39 4 87 5 37 6 10 7 75 8 59 9 41 10 79 11 79 12 96 
0 6 1 93 2 53 3 63 4 83 5 10 6 88 7 46 8 74 9 35 10 9 11 73 12 69 
0 54 1 45 2 74 3 61 4 88 5 47 6 100 7 87 8 98 9 100 10 70 11 93 12 9 
0 77 1 99 2 19 3 38 4 78 5 71 6 76 7 21 8 5 9 18 10 84 11 98 12 37 
0 94 1 17 2 52 3 63 4 14 5 44 6 1 7 22 8 87 9 99 10 91 11 62 12 39 
0 3 1 31 2 90 3 39 4 79 5 81 6 24 7 48 8 15 9 58 10 44 11 49 12 31 
0 41 1 51 2 54 3 54 4 21 5 77 6 21 7 12 8 3 9 26 10 66 11 78 12 87 
0 48 1 40 2 19 3 60 4 38 5 97 6 92 7 70 8 79 9 50 10 95 11 26 12 41 
0 35 1 19 2 19 3 57 4 3 5 87 6 86 7 49 8 64 9 9 10 20 11 54 12 61 
0 44 1 39 2 93 3 64 4 78 5 62 6 39 7 46 8 15 9 63 10 9 11 42 12 47 
0 67 1 43 2 23 3 27 4 80 5 67 6 58 7 100 8 45 9 93 10 88 11 40 12 61 
0 76 1 89 2 86 3 10 4 82 5 27 6 93 7 5 8 19 9 19 10 93 11 63 12 100 
0 78 1 81 2 35 3 65 4 36 5 67 6 56 7 65 8 66 9 76 10 34 11 16 12 79 
0 14 1 39 2 11 3 4 4 15 5 26 6 88 7 77 8 77 9 34 10 79 11 19 12 13 
0 55 1 78 2 78 3 53 4 65 5 85 6 90 7 86 8 54 9 50 10 1 11 10 12 53 
0 3 1 5 2 47 3 66 4 70 5 34 6 43 7 38 8 83 9 80 10 30 11 51 12 23 
0 55 1 84 2 20 3 35 4 29 5 63 6 9 7 7 8 76 9 6 10 83 11 62 12 51 
0 44 1 85 2 64 3 50 4 54 5 9 6 70 7 62 8 60 9 75 10 56 11 32 12 22 
0 53 1 65 2 65 3 85 4 82 5 40 6 30 7 64 8 1 9 16 10 98 11 64 12 60 
0 20 1 10 2 69 3 97 4 71 5 72 6 35 7 78 8 30 9 76 10 98 11 75 12 54 
0 55 1 63 2 95 3 33 4 6 5 91 6 38 7 21 8 86 9 23 10 31 11 61 12 90 
