50 13
0 72 1 95 2 36 3 6 4 87 5 86 6 13 7 54 8 67 9 10 10 43 11 41 12 4 
0 76 1 22 2 75 3 7 4 85 5 37 6 54 7 71 8 32 9 74 10 45 11 86 12 68 
0 70 1 12 2 53 3 5 4 53 5 37 6 18 7 47 8 17 9 77 10 40 11 68 12 65 
0 16 1 60 2 46 3 6 4 21 5 2 6 10 7 23 8 57 9 87 10 73 11 82 12 42 
0 7 1 35 2 10 3 10 4 12 5 82 6 32 7 6 8 33 9 48 10 32 11 3 12 88 
0 49 1 40 2 38 3 72 4 97 5 59 6 62 7 72 8 51 9 15 10 100 11 88 12 45 
0 15 1 24 2 24 3 93 4 13 5 88 6 27 7 10 8 2 9 95 10 69 11 37 12 24 
0 9 1 49 2 93 3 31 4 73 5 38 6 27 7 43 8 53 9 40 10 93 11 62 12 44 
0 60 1 100 2 39 3 58 4 73 5 67 6 38 7 59 8 22 9 46 10 56 11 43 12 56 
0 15 1 13 2 11 3 50 4 32 5 86 6 38 7 8 8 30 9 92 10 27 11 92 12 22 
0 46 1 53 2 97 3 82 4 64 5 8 6 1 7 70 8 45 9 31 10 40 11 67 12 75 
0 12 1 54 2 61 3 95 4 48 5 81 6 47 7 53 8 53 9 90 10 76 11 97 12 30 
0 33 1 91 2 83 3 74 4 91 5 89 6 53 7 39 8 69 9 32 10 67 11 68 12 90 
0 22 1 84 2 56 3 71 4 57 5 9 6 85 7 15 8 27 9 93 10 44 11 32 12 84 
0 87 1 37 2 93 3 59 4 100 5 7 6 47 7 88 8 42 9 12 10 25 11 34 12 22 
0 3 1 56 2 11 3 59 4 31 5 84 6 10 7 91 8 31 9 26 10 82 11 63 12 47 
0 40 1 55 2 83 3 93 4 29 5 77 6 1 7 63 8 37 9 48 10 18 11 69 12 40 
0 58 1 20 2 13 3 93 4 41 5 34 6 12 7 27 8 2 9 70 10 96 11 72 12 64 
0 59 1 23 2 48 3 87 4 11 5 53 6 35 7 85 8 10 9 50 10 85 11 22 12 79 
0 67 1 98 2 46 3 27 4 55 5 78 6 45 7 84 8 68 9 94 10 45 11 2 12 7 
0 74 1 74 2 14 3 54 4 26 5 16 6 28 7 66 8 86 9 76 10 60 11 31 12 32 
0 15 1 17 2 41 3 96 4 87 5 70 6 63 7 57 8 33 9 2 10 34 11 33 12 44 
0 40 1 53 2 13 3 19 4 87 5 20 6 53 7 89 8 35 9 49 10 58 11 52 12 80 
0 29 1 55 2 68 3 81 4 78 5 30 6 88 7 51 8 79 9 66 10 5 11 79 12 2 
0 10 1 13 2 85 3 86 4 23 5 93 6 23 7 72 8 9 9 19 10 62 11 53 12 10 
0 99 1 48 2 75 3 97 4 3 5 53 6 83 7 62 8 97 9 87 10 53 11 71 12 100 
0 95 1 4 2 50 3 98 4 51 5 74 6 18 7 60 8 45 9 77 10 34 11 35 12 50 
0 42 1 45 2 66 3 25 4 3 5 65 6 47 7 37 8 32 9 44 10 36 11 50 12 6 
0 9 1 78 2 70 3 62 4 53 5 73 6 15 7 56 8 23 9 73 10 78 11 2 12 20 
0 84 1 78 2 24 3 78 4 45 5 68 6 66 7 96 8 37 9 94 10 60 11 21 12 46 
0 12 1 43 2 89 3 63 4 7 5 18 6 18 7 88 8 23 9 35 10 35 11 42 12 86 
0 85 1 52 2 40 3 40 4 42 5 39 6 34 7 93 8 75 9 16 10 74 11 18 12 4 
0 18 1 77 2 31 3 33 4 20 5 39 6 42 7 77 8 26 9 61 10 55 11 6 12 90 
0 92 1 89 2 29 3 39 4 31 5 44 6 60 7 14 8 3 9 31 10 3 11 32 12 100 
0 49 1 96 2 89 3 21 4 25 5 25 6 76 7 74 8 8 9 19 10 76 11 18 12 3 
0 50 1 45 2 71 3 57 4 80 5 78 6 2 7 88 8 97 9 48 10 83 11 18 12 34 
0 31 1 19 2 7 3 32 4 18 5 60 6 16 7 63 8 28 9 69 10 39 11 32 12 62 
0 11 1 64 2 91 3 58 4 38 5 26 6 14 7 7 8 3 9 78 10 52 11 34 12 50 
0 19 1 6 2 12 3 80 4 70 5 31 6 67 7 12 8 20 9 93 10 50 11 65 12 90 
0 15 1 93 2 97 3 33 4 9 5 85 6 35 7 98 8 19 9 6 10 3 11 48 12 25 
0 85 1 46 2 73 3 24 4 82 5 55 6 68 7 100 8 78 9 62 10 64 11 26 12 6 
0 32 1 27 2 55 3 59 4 51 5 11 6 69 7 59 8 50 9 11 10 40 11 81 12 100 
0 18 1 80 2 22 3 63 4 25 5 79 6 49 7 67 8 48 9 48 10 44 11 78 12 70 
0 11 1 27 2 78 3 93 4 73 5 1 6 60 7 84 8 61 9 21 10 90 11 26 12 89 
0 85 1 39 2 49 3 100 4 49 5 63 6 38 7 21 8 21 9 49 10 42 11 37 12 98 
0 44 1 53 2 69 3 52 4 85 5 30 6 27 7 85 8 7 9 38 10 16 11 17 12 5 
0 75 1 83 2 20 3 43 4 53 5 21 6 22 7 2 8 83 9 92 10 14 11 23 12 44 
0 29 1 67 2 47 3 77 4 10 5 1 6 41 7 37 8 70 9 24 10 88 11 89 12 88 
0 88 1 15 2 91 3 13 4 97 5 88 6 78 7 28 8 78 9 55 10 79 11 86 12 18 
0 40 1 8 2 49 3 83 4 49 5 35 6 50 7 59 8 3 9 98 10 72 11 7 12 48 
